40.363603	-3.678932
40.361992	-3.680292
40.361805	-3.682403
40.362377	-3.684788
40.363378	-3.687617
40.364263	-3.690797
40.364572	-3.694230
40.364527	-3.697858
40.363852	-3.701112
40.363667	-3.704235
40.363975	-3.707418
40.364127	-3.710822
40.364388	-3.714255
40.364762	-3.717760
40.364820	-3.721452
40.364520	-3.725102
40.363902	-3.728657
40.363088	-3.732145
40.362318	-3.735247
40.361962	-3.738845
40.362033	-3.742417
40.361707	-3.745985
40.360838	-3.749625
40.360050	-3.753253
40.359087	-3.756748
40.358758	-3.760433
40.359215	-3.763972
40.359493	-3.768002
40.359577	-3.771980
40.360610	-3.775527
40.362047	-3.778802
40.362572	-3.782473
40.361997	-3.786155
40.361907	-3.789397
40.363418	-3.792477
40.365938	-3.794372
40.368178	-3.796620
40.370183	-3.799238
40.372153	-3.801818
40.374095	-3.804460
40.376107	-3.807015
40.378602	-3.808827
40.380937	-3.810800
40.382590	-3.813672
40.383412	-3.817083
40.383687	-3.820518
40.384508	-3.823440
40.385800	-3.825605
40.387957	-3.827612
40.390305	-3.829322
40.392650	-3.831065
40.394698	-3.831933
40.396610	-3.830733
40.398118	-3.830338
40.397275	-3.832342
40.396817	-3.834885
40.396865	-3.838208
40.397213	-3.841952
40.397315	-3.845812
40.397360	-3.849632
40.397618	-3.853475
40.398330	-3.857273
40.399197	-3.860618
40.399942	-3.864252
40.399388	-3.867892
40.398350	-3.871387
40.397430	-3.875092
40.397980	-3.878795
40.398368	-3.882397
40.397165	-3.885930
40.395695	-3.889355
40.394218	-3.892748
40.392252	-3.895722
40.389995	-3.898320
40.387945	-3.900808
40.386105	-3.903200
40.383668	-3.905067
40.381448	-3.906533
40.379162	-3.908348
40.377247	-3.910895
40.375022	-3.912537
40.372352	-3.913505
40.370147	-3.915855
40.367995	-3.918318
40.366145	-3.921087
40.364812	-3.924333
40.363638	-3.927502
40.362657	-3.930880
40.361780	-3.934778
40.361120	-3.938447
40.361607	-3.942138
40.363665	-3.944448
40.366200	-3.946205
40.368502	-3.947823
40.370635	-3.949333
40.372777	-3.950860
40.375058	-3.952517
40.376912	-3.954910
40.378207	-3.958328
40.379270	-3.961907
40.380748	-3.965280
40.382752	-3.968323
40.384580	-3.971107
40.385647	-3.974518
40.385902	-3.978152
40.387295	-3.980872
40.388970	-3.983185
40.390773	-3.985583
40.392200	-3.987988
40.393528	-3.989815
40.394217	-3.990358
40.394472	-3.990193
40.394720	-3.990077
40.394728	-3.990047
40.394718	-3.990042
40.394715	-3.990038
40.394718	-3.990035
40.394720	-3.990035
40.394722	-3.990033
40.394722	-3.990033
40.394732	-3.989980
40.394265	-3.990378
40.394312	-3.990562
40.394318	-3.990557
40.394320	-3.990558
40.394357	-3.990612
40.394355	-3.990610
40.394355	-3.990610
40.394353	-3.990607
40.394352	-3.990600
40.394350	-3.990592
40.394352	-3.990585
40.394352	-3.990582
40.394353	-3.990580
40.394353	-3.990580
40.394352	-3.990577
40.394350	-3.990573
40.394347	-3.990568
40.394345	-3.990563
40.394343	-3.990560
40.394342	-3.990560
40.394340	-3.990560
40.394338	-3.990562
40.394337	-3.990562
40.394337	-3.990563
40.394367	-3.990623
40.394458	-3.990888
40.394292	-3.990835
40.394285	-3.990267
40.394775	-3.989958
40.394780	-3.989973
40.394777	-3.989970
40.394777	-3.989973
40.394775	-3.989977
40.394777	-3.989975
40.394778	-3.989975
40.394778	-3.989977
40.394778	-3.989978
40.394778	-3.989977
40.394780	-3.989977
40.394780	-3.989977
40.394780	-3.989978
40.394780	-3.989978
40.394780	-3.989978
40.394782	-3.989978
40.394782	-3.989978
40.394782	-3.989977
40.394783	-3.989977
40.394783	-3.989977
40.394783	-3.989977
40.394783	-3.989977
40.394782	-3.989977
40.394782	-3.989975
40.394782	-3.989973
40.394782	-3.989975
40.394782	-3.989975
40.394782	-3.989975
40.394782	-3.989975
40.394783	-3.989975
40.395000	-3.991835
40.395377	-3.992535
40.395362	-3.992843
40.395072	-3.992722
40.395110	-3.992650
40.395228	-3.992635
40.395232	-3.992627
40.395227	-3.992610
40.395225	-3.992597
40.395223	-3.992593
40.395225	-3.992590
40.395230	-3.992590
40.395232	-3.992588
40.395232	-3.992588
40.395232	-3.992588
40.395232	-3.992588
40.395230	-3.992587
40.395228	-3.992585
40.395228	-3.992587
40.395228	-3.992587
40.395228	-3.992585
40.395228	-3.992585
40.395228	-3.992583
40.395228	-3.992582
40.395227	-3.992582
40.395227	-3.992580
40.395225	-3.992578
40.395225	-3.992578
40.395225	-3.992577
40.395225	-3.992575
40.395227	-3.992575
40.395162	-3.992587
40.395162	-3.992580
40.395170	-3.992575
40.395175	-3.992573
40.395182	-3.992573
40.395188	-3.992573
40.395192	-3.992573
40.395188	-3.992582
40.395193	-3.992583
40.395137	-3.992557
40.395153	-3.992400
40.395233	-3.992432
40.395310	-3.992367
40.394668	-3.991415
40.394250	-3.990833
40.394110	-3.990630
40.394237	-3.990322
40.394303	-3.990205
40.394282	-3.990192
40.394315	-3.990192
40.394310	-3.990172
40.394313	-3.990195
40.394318	-3.990178
40.394337	-3.990153
40.394343	-3.990147
40.394350	-3.990143
40.394350	-3.990142
40.394348	-3.990143
40.394348	-3.990143
40.394345	-3.990143
40.394340	-3.990143
40.394338	-3.990145
40.394338	-3.990147
40.394337	-3.990145
40.394335	-3.990142
40.394337	-3.990142
40.394338	-3.990142
40.394338	-3.990140
40.394337	-3.990140
40.394337	-3.990138
40.394337	-3.990137
40.394337	-3.990137
40.394337	-3.990140
40.394328	-3.990128
40.394257	-3.990323
40.394360	-3.990715
40.394552	-3.991150
40.395272	-3.992163
40.395705	-3.992977
40.395903	-3.993285
40.396093	-3.993372
40.396407	-3.994152
40.397033	-3.994893
40.397452	-3.995600
40.398283	-3.996940
40.399068	-3.998298
40.399540	-3.999227
40.400195	-4.000398
40.401047	-4.001760
40.401813	-4.003290
40.402247	-4.005310
40.402337	-4.007652
40.401972	-4.010648
40.401255	-4.014197
40.400723	-4.017380
40.400428	-4.020517
40.400037	-4.023672
40.399677	-4.026765
40.399940	-4.029778
40.399878	-4.032583
40.399062	-4.035163
40.398150	-4.037780
40.397128	-4.040133
40.396383	-4.042257
40.396727	-4.044275
40.397727	-4.046450
40.398278	-4.049057
40.399690	-4.051183
40.400380	-4.053733
40.402213	-4.055205
40.402803	-4.057928
40.404113	-4.059913
40.405922	-4.061042
40.408158	-4.060680
40.410072	-4.061503
40.411968	-4.059907
40.413750	-4.058348
40.415630	-4.058352
40.417627	-4.058278
40.419513	-4.057595
40.421422	-4.056640
40.423085	-4.056117
40.424063	-4.056093
40.424943	-4.056565
40.425903	-4.055947
40.426668	-4.055405
40.426933	-4.055262
40.427285	-4.056020
40.427588	-4.056888
40.427748	-4.057820
40.427570	-4.058943
40.427253	-4.059783
40.426562	-4.060732
40.426223	-4.062157
40.426445	-4.063152
40.426575	-4.065087
40.426117	-4.067892
40.425158	-4.069853
40.424328	-4.071818
40.423055	-4.073465
40.422563	-4.075895
40.421818	-4.079128
40.420752	-4.081540
40.420528	-4.083945
40.420128	-4.086657
40.419833	-4.088935
40.420812	-4.091438
40.422918	-4.092242
40.424697	-4.092263
40.426355	-4.092392
40.427918	-4.092888
40.429492	-4.093485
40.430990	-4.094290
40.432422	-4.095435
40.433367	-4.097603
40.432265	-4.100662
40.430885	-4.103368
40.430407	-4.106053
40.432858	-4.107993
40.435208	-4.109195
40.436673	-4.110132
40.437557	-4.110467
40.438652	-4.110777
40.439797	-4.111823
40.440703	-4.113452
40.441583	-4.114225
40.442297	-4.115907
40.443847	-4.116278
40.445277	-4.115875
40.446657	-4.115828
40.447882	-4.115122
40.448755	-4.113518
40.449518	-4.112763
40.450570	-4.112402
40.451802	-4.113300
40.453227	-4.114388
40.455030	-4.114528
40.456670	-4.114127
40.458082	-4.113668
40.459152	-4.115087
40.460797	-4.115605
40.462205	-4.116145
40.463482	-4.117387
40.464660	-4.118175
40.465430	-4.118638
40.466138	-4.119580
40.466932	-4.120567
40.467618	-4.121607
40.467942	-4.121948
40.468022	-4.121997
40.468013	-4.121992
40.468030	-4.121978
40.468243	-4.122112
40.468493	-4.122827
40.468567	-4.123440
40.468453	-4.123838
40.468022	-4.124415
40.467740	-4.125053
40.467568	-4.126055
40.468242	-4.126730
40.469272	-4.126953
40.470285	-4.126990
40.471113	-4.128925
40.469743	-4.130827
40.470420	-4.132108
40.471163	-4.133220
40.470127	-4.134240
40.469045	-4.135247
40.469657	-4.137182
40.470265	-4.138787
40.471563	-4.140323
40.472852	-4.141587
40.474387	-4.142950
40.475328	-4.143705
40.476370	-4.144373
40.477878	-4.146568
40.479535	-4.149333
40.480783	-4.151613
40.481820	-4.153453
40.482902	-4.155280
40.484765	-4.156255
40.486443	-4.156963
40.487248	-4.158307
40.488668	-4.159717
40.489333	-4.161673
40.489322	-4.163865
40.489147	-4.164828
40.488685	-4.165957
40.488547	-4.166767
40.488382	-4.167153
40.488367	-4.167213
40.488342	-4.167297
40.488307	-4.168283
40.488117	-4.169023
40.488255	-4.169820
40.488110	-4.170108
40.488013	-4.170612
40.488300	-4.171190
40.488362	-4.171667
40.488445	-4.172313
40.488473	-4.173095
40.488550	-4.174292
40.488688	-4.175498
40.489118	-4.176660
40.490538	-4.177592
40.491378	-4.178112
40.492520	-4.178845
40.493803	-4.180540
40.494920	-4.182705
40.495113	-4.185425
40.495660	-4.188030
40.495732	-4.190250
40.496392	-4.193172
40.496457	-4.196178
40.497090	-4.199170
40.498065	-4.201678
40.500327	-4.203482
40.502478	-4.205365
40.504727	-4.205628
40.507088	-4.205577
40.509187	-4.207323
40.511250	-4.208315
40.512183	-4.210103
40.513410	-4.211493
40.511962	-4.213207
40.510995	-4.215615
40.509242	-4.217192
40.508300	-4.219908
40.509158	-4.221708
40.511395	-4.222157
40.512543	-4.224493
40.512275	-4.226967
40.511250	-4.227930
40.510093	-4.228652
40.508867	-4.229202
40.507848	-4.229903
40.498597	-4.239285
40.498573	-4.239287
40.498570	-4.239292
40.498565	-4.239285
40.498558	-4.239283
40.498552	-4.239278
40.498547	-4.239277
40.498542	-4.239275
40.498538	-4.239275
40.498533	-4.239267
40.498530	-4.239272
40.498527	-4.239275
40.498525	-4.239278
40.498523	-4.239273
40.498523	-4.239275
40.498523	-4.239278
40.498525	-4.239280
40.498525	-4.239280
40.494557	-4.242338
40.493407	-4.243255
40.492212	-4.244157
40.490830	-4.245495
40.489497	-4.246770
40.488180	-4.247758
40.486865	-4.249367
40.485372	-4.250993
40.483473	-4.252368
40.482005	-4.254092
40.480155	-4.254955
40.478390	-4.255602
40.476617	-4.256343
40.474637	-4.257133
40.472810	-4.257935
40.471792	-4.258688
40.471603	-4.259695
40.470915	-4.261290
40.469587	-4.262670
40.468640	-4.263742
40.467475	-4.265612
40.465880	-4.267460
40.464692	-4.269855
40.463695	-4.272455
40.464153	-4.274802
40.464748	-4.276653
40.464960	-4.278297
40.463463	-4.279792
40.462755	-4.281785
40.462358	-4.283392
40.461283	-4.283253
40.459738	-4.283818
40.458828	-4.285588
40.458675	-4.288160
40.457713	-4.289917
40.457112	-4.291968
40.457208	-4.294822
40.457297	-4.297938
40.456477	-4.300503
40.455358	-4.302397
40.454020	-4.304092
40.453263	-4.306165
40.452565	-4.310430
40.452148	-4.313047
40.452288	-4.314973
40.452315	-4.317378
40.452432	-4.320083
40.453265	-4.322257
40.453588	-4.324913
40.453738	-4.327820
40.454288	-4.330905
40.454783	-4.333908
40.455108	-4.336803
40.455440	-4.339698
40.456017	-4.342387
40.456798	-4.344502
40.457687	-4.346518
40.459047	-4.347983
40.460783	-4.348735
40.462565	-4.349490
40.462175	-4.351727
40.462180	-4.354215
40.463553	-4.354968
40.462863	-4.356192
40.460943	-4.356822
40.459615	-4.358135
40.459070	-4.359888
40.459762	-4.361740
40.460583	-4.363785
40.459890	-4.365583
40.460258	-4.367635
40.461220	-4.369458
40.462843	-4.369830
40.464615	-4.369647
40.465408	-4.370503
40.463767	-4.370930
40.462757	-4.372150
40.461423	-4.372035
40.460850	-4.373942
40.459823	-4.375990
40.458650	-4.378023
40.458697	-4.380243
40.459502	-4.382608
40.459638	-4.385467
40.460075	-4.387935
40.460092	-4.390527
40.460452	-4.392693
40.461943	-4.394275
40.463073	-4.396098
40.463030	-4.398740
40.462667	-4.401413
40.462582	-4.404427
40.462497	-4.407388
40.461892	-4.410667
40.461610	-4.413802
40.460425	-4.416372
40.459647	-4.419318
40.459538	-4.422095
40.459865	-4.424567
40.460008	-4.427085
40.459795	-4.429450
40.459327	-4.431203
40.459215	-4.432968
40.459423	-4.433820
40.459068	-4.434907
40.458603	-4.436545
40.458607	-4.438232
40.459170	-4.440122
40.460268	-4.442793
40.460845	-4.444722
40.460967	-4.446672
40.461483	-4.449553
40.462443	-4.453375
40.463178	-4.456175
40.463565	-4.457722
40.463705	-4.458230
40.463720	-4.458232
40.463742	-4.458238
40.463748	-4.458250
40.463743	-4.458262
40.463735	-4.458238
40.463715	-4.458215
40.463790	-4.458743
40.463917	-4.459135
40.464390	-4.458455
40.464710	-4.457177
40.465313	-4.456002
40.466588	-4.454695
40.468015	-4.454525
40.469647	-4.453348
40.470788	-4.451638
40.472433	-4.449877
40.474185	-4.448255
40.475775	-4.446075
40.477493	-4.445288
40.479087	-4.443927
0.000000	0.000000
0.000000	0.000000
0.000000	0.000000
0.000000	0.000000
0.000000	0.000000
0.000000	0.000000
0.000000	0.000000
0.000000	0.000000
0.000000	0.000000
0.000000	0.000000
0.000000	0.000000
0.000000	0.000000
0.000000	0.000000
0.000000	0.000000
0.000000	0.000000
0.000000	0.000000
0.000000	0.000000
0.000000	0.000000
0.000000	0.000000
0.000000	0.000000
0.000000	0.000000
0.000000	0.000000
0.000000	0.000000
0.000000	0.000000
0.000000	0.000000
0.000000	0.000000
0.000000	0.000000
0.000000	0.000000
0.000000	0.000000
40.499592	-4.425682
40.499383	-4.425783
40.499388	-4.425782
40.499392	-4.425762
40.499490	-4.425627
40.499542	-4.425510
40.499563	-4.425468
40.499692	-4.425518
40.499648	-4.425595
40.499668	-4.425557
40.499680	-4.425570
40.499672	-4.425562
40.499668	-4.425567
40.499663	-4.425568
40.499657	-4.425572
40.499650	-4.425573
40.499642	-4.425570
40.499638	-4.425568
40.499633	-4.425568
40.499630	-4.425565
40.499625	-4.425565
40.499622	-4.425567
40.499618	-4.425568
40.499615	-4.425570
40.499613	-4.425573
40.499613	-4.425568
40.499613	-4.425567
40.499615	-4.425568
40.499617	-4.425568
40.499620	-4.425567
40.499620	-4.425567
40.499620	-4.425567
40.499618	-4.425567
40.499618	-4.425565
40.499617	-4.425565
40.499615	-4.425565
40.499615	-4.425565
40.499387	-4.425717
40.499205	-4.425875
40.498968	-4.426167
40.498788	-4.426337
40.498093	-4.427037
40.497748	-4.427283
40.497748	-4.427307
40.497757	-4.427292
40.497758	-4.427298
40.497752	-4.427303
40.497742	-4.427308
40.497735	-4.427310
40.497728	-4.427310
40.497725	-4.427312
40.497723	-4.427315
40.497720	-4.427317
40.497717	-4.427317
40.497715	-4.427318
40.497713	-4.427320
40.497710	-4.427322
40.497707	-4.427325
40.497707	-4.427328
40.497703	-4.427332
40.497698	-4.427335
40.497692	-4.427345
40.497615	-4.427582
40.496895	-4.428717
40.496212	-4.429587
40.494740	-4.430298
40.494327	-4.432198
40.493648	-4.432820
40.492338	-4.433585
40.491028	-4.435438
40.489832	-4.437447
40.488610	-4.438543
40.487828	-4.439710
40.486843	-4.441215
40.485635	-4.442125
40.484498	-4.442950
40.483027	-4.442293
40.481598	-4.443390
40.480555	-4.443450
40.479088	-4.443895
40.477537	-4.445315
40.475053	-4.446543
40.473735	-4.448882
40.472103	-4.450197
40.470863	-4.451518
40.469732	-4.453230
40.468507	-4.454027
40.467490	-4.454707
40.466048	-4.455348
40.464918	-4.456493
40.464433	-4.458353
40.463823	-4.459485
40.463238	-4.460460
40.462632	-4.461577
40.462132	-4.462540
40.461662	-4.463400
40.461270	-4.463945
40.461107	-4.464153
40.460810	-4.463958
40.460423	-4.463170
40.460025	-4.462475
40.459367	-4.461938
40.458340	-4.461927
40.457673	-4.461938
40.456988	-4.461915
40.456332	-4.461473
40.455737	-4.461018
40.455123	-4.460547
40.454675	-4.459758
40.454100	-4.458995
40.453253	-4.458182
40.452155	-4.456535
40.451045	-4.454925
40.450205	-4.452755
40.449377	-4.450763
40.448257	-4.448937
40.447562	-4.445877
40.446260	-4.444012
40.444133	-4.443215
40.441907	-4.442377
40.439853	-4.441597
40.437758	-4.440803
40.435837	-4.440237
40.433535	-4.440925
40.431827	-4.441978
40.429973	-4.441848
40.428055	-4.441898
40.426097	-4.442562
40.423667	-4.442177
40.421347	-4.442403
40.419375	-4.443362
40.417305	-4.442710
40.415562	-4.441465
40.413728	-4.440075
40.412143	-4.438060
40.410718	-4.438427
40.409402	-4.436763
40.407925	-4.436140
40.406455	-4.436018
40.405547	-4.436843
40.404250	-4.437598
40.402645	-4.437477
40.400933	-4.437478
40.399268	-4.436565
40.397975	-4.437680
40.396695	-4.437727
40.395695	-4.438748
40.395317	-4.440378
40.393900	-4.440960
40.392002	-4.440590
40.390360	-4.441395
40.389245	-4.441867
40.388700	-4.443248
40.387295	-4.443285
40.385295	-4.444293
40.383500	-4.444580
40.382610	-4.442337
40.381020	-4.442377
40.379102	-4.441632
40.376980	-4.441878
40.374943	-4.441955
40.374515	-4.442070
40.374323	-4.442408
40.374302	-4.442868
40.374365	-4.443320
40.374538	-4.444043
40.374570	-4.444483
40.374578	-4.444483
40.374582	-4.444485
40.374583	-4.444485
40.374585	-4.444488
40.374562	-4.444658
40.374685	-4.444998
40.376238	-4.447933
40.377748	-4.449873
40.379800	-4.451588
40.381387	-4.452940
40.383762	-4.453108
40.385152	-4.455202
40.385553	-4.458595
40.386168	-4.461120
40.388293	-4.462437
40.389685	-4.464075
40.389630	-4.467165
40.389905	-4.469498
40.391322	-4.471400
40.393052	-4.473195
40.394683	-4.474902
40.396318	-4.476982
40.398317	-4.478702
40.400192	-4.479507
40.401438	-4.481513
40.402492	-4.483575
40.403482	-4.485435
40.404913	-4.487267
40.406795	-4.488117
40.408723	-4.488197
40.410713	-4.488248
40.412753	-4.488282
40.414910	-4.488353
40.417007	-4.488738
40.418598	-4.490557
40.419603	-4.492783
40.420945	-4.494400
40.422875	-4.495053
40.425207	-4.495187
40.427120	-4.496147
40.428610	-4.497183
40.429700	-4.499688
40.429483	-4.502568
40.429375	-4.505267
40.429480	-4.507737
40.430117	-4.510303
40.430908	-4.512918
40.430362	-4.515768
40.430402	-4.518732
40.430540	-4.521885
40.430222	-4.524730
40.429037	-4.527280
40.427928	-4.529440
40.427568	-4.531472
40.427172	-4.533602
40.427813	-4.536075
40.428233	-4.538728
40.428632	-4.541668
40.429538	-4.544163
40.429085	-4.546838
40.428453	-4.549470
40.428620	-4.552162
40.429185	-4.554068
40.430340	-4.554385
40.431570	-4.553943
40.433210	-4.553330
40.434628	-4.552555
40.435923	-4.552227
40.436018	-4.554582
40.437117	-4.556573
40.437072	-4.558947
40.437007	-4.560965
40.438458	-4.560485
40.439532	-4.559237
40.440653	-4.560715
40.441997	-4.561535
40.442962	-4.562778
40.443622	-4.564238
40.444328	-4.565872
40.444603	-4.567560
40.445125	-4.569132
40.445715	-4.570725
40.446355	-4.572412
40.446893	-4.573885
40.447417	-4.575123
40.448152	-4.576457
40.448558	-4.578123
40.449657	-4.579578
40.450325	-4.581492
40.451187	-4.583115
40.451587	-4.585435
40.451837	-4.587130
40.452075	-4.588928
40.452300	-4.590912
40.452488	-4.592967
40.452590	-4.594793
40.452637	-4.595758
40.451703	-4.595757
40.450530	-4.595647
40.449018	-4.595625
40.447362	-4.596273
40.446008	-4.597487
40.443785	-4.598575
40.441635	-4.599697
40.439997	-4.600388
40.438810	-4.601720
40.437303	-4.603118
40.435695	-4.604537
40.434900	-4.607108
40.433565	-4.608648
40.432610	-4.610743
40.432837	-4.613228
40.434520	-4.615285
40.434778	-4.616898
40.433202	-4.618652
40.432278	-4.619698
40.431557	-4.620208
40.430552	-4.618990
40.429268	-4.617870
40.427457	-4.618898
40.426942	-4.620690
40.426080	-4.621095
40.424767	-4.620137
40.423535	-4.620537
40.423023	-4.622832
40.422988	-4.625580
40.423067	-4.627837
40.422122	-4.628050
40.421098	-4.628763
40.420598	-4.630377
40.419372	-4.631365
40.418143	-4.632552
40.417087	-4.633553
40.416837	-4.635028
40.416190	-4.637602
40.415725	-4.640178
40.415872	-4.642702
40.417335	-4.643227
40.418560	-4.645107
40.418853	-4.647703
40.418440	-4.649788
40.418612	-4.652090
40.418222	-4.653767
40.416603	-4.654877
40.416390	-4.657488
40.416970	-4.659800
40.417570	-4.661290
40.417278	-4.664202
40.416470	-4.666910
40.416252	-4.670193
40.416005	-4.673585
40.415735	-4.677268
40.415375	-4.681028
40.415060	-4.684702
40.414798	-4.687850
40.414587	-4.690552
40.414487	-4.691952
40.414423	-4.692668
40.414385	-4.692908
40.414395	-4.693383
40.414393	-4.693437
40.414392	-4.693432
40.414392	-4.693430
40.414392	-4.693433
40.414392	-4.693435
40.414392	-4.693437
40.414393	-4.693437
40.414395	-4.693438
40.414395	-4.693442
40.414393	-4.693445
40.414395	-4.693447
40.414397	-4.693448
40.414392	-4.693442
40.414187	-4.694452
40.413888	-4.695682
40.413580	-4.696952
40.413360	-4.698485
40.413283	-4.700083
40.413225	-4.701538
40.413182	-4.702960
40.413145	-4.704298
40.413102	-4.705620
40.412920	-4.705893
40.412422	-4.705558
40.411845	-4.705380
40.411272	-4.705442
40.411088	-4.705097
40.410852	-4.704273
40.410285	-4.704267
40.409563	-4.704588
40.408865	-4.705077
40.408547	-4.705437
40.408462	-4.705703
40.408402	-4.705705
40.408408	-4.705722
40.408413	-4.705728
40.408423	-4.705727
40.408425	-4.705730
40.408423	-4.705730
40.408422	-4.705730
40.408418	-4.705730
40.408420	-4.705733
40.408420	-4.705738
40.408420	-4.705742
40.408420	-4.705743
40.408418	-4.705745
40.408420	-4.705745
40.408418	-4.705747
40.408418	-4.705748
40.408420	-4.705747
40.408420	-4.705748
40.408420	-4.705747
40.408422	-4.705748
40.408423	-4.705748
40.408425	-4.705747
40.408425	-4.705745
40.408427	-4.705745
40.408427	-4.705745
40.408427	-4.705745
40.408427	-4.705745
40.408427	-4.705747
40.408265	-4.705762
40.408263	-4.705687
40.408278	-4.705653
40.408283	-4.705640
40.408285	-4.705633
40.408308	-4.705640
40.408312	-4.705642
40.408325	-4.705652
40.408328	-4.705655
40.408330	-4.705655
40.408337	-4.705658
40.408350	-4.705668
40.408367	-4.705698
40.408405	-4.705905
40.408413	-4.706378
40.408527	-4.706555
40.408585	-4.706592
40.408893	-4.706570
40.408813	-4.706187
40.408498	-4.705932
40.408682	-4.705097
40.409382	-4.704615
40.409987	-4.704317
40.410512	-4.704068
40.410710	-4.704200
40.411038	-4.705093
40.411095	-4.705673
40.411550	-4.705668
40.411893	-4.705525
40.412637	-4.705665
40.412910	-4.705840
40.413030	-4.706358
40.413043	-4.707002
40.413050	-4.707792
40.412932	-4.708675
40.412543	-4.709907
40.412137	-4.711165
40.411673	-4.712603
40.411268	-4.713880
40.410822	-4.715435
40.410588	-4.716952
40.410473	-4.719050
40.410355	-4.721380
40.410222	-4.723987
40.410110	-4.726435
40.410000	-4.728688
40.409880	-4.731002
40.409763	-4.733508
40.409640	-4.736408
40.409507	-4.739225
40.409380	-4.741963
40.409747	-4.744832
40.410208	-4.747937
40.410595	-4.750635
40.410695	-4.753065
40.410337	-4.755718
40.409925	-4.758275
40.410638	-4.760780
40.411745	-4.763095
40.412530	-4.765312
40.412528	-4.768248
40.411885	-4.770403
40.411502	-4.772662
40.411787	-4.775233
40.411548	-4.777998
40.411498	-4.780588
40.411618	-4.782255
40.412257	-4.783245
40.412872	-4.784163
40.413103	-4.785430
40.412955	-4.786812
40.413257	-4.787567
40.414043	-4.787400
40.414507	-4.786557
40.415203	-4.785732
40.416328	-4.785202
40.416287	-4.783950
40.415952	-4.782450
40.415987	-4.781260
40.414905	-4.781263
40.415650	-4.780080
40.417040	-4.778543
40.418445	-4.776392
40.420127	-4.775270
40.421850	-4.774565
40.423958	-4.774200
40.426443	-4.774702
40.428793	-4.774998
40.430600	-4.773042
40.432013	-4.770582
40.434060	-4.768823
40.436672	-4.768023
40.439217	-4.766972
40.441752	-4.766593
40.444308	-4.766958
40.446555	-4.767968
40.448822	-4.767823
40.451288	-4.767392
40.453692	-4.767443
40.455805	-4.767033
40.457002	-4.766697
40.457732	-4.767275
40.457822	-4.769083
40.458720	-4.769398
40.459988	-4.769167
40.460450	-4.769003
40.460698	-4.768838
40.461578	-4.768523
40.462532	-4.768232
40.463997	-4.767238
40.465513	-4.766163
40.467672	-4.765872
40.470200	-4.765553
40.472447	-4.764498
40.474458	-4.764752
40.476042	-4.763862
40.477668	-4.762947
40.478587	-4.764940
40.479895	-4.765395
40.481408	-4.764507
40.482920	-4.763638
40.484012	-4.761798
40.483337	-4.759045
40.483422	-4.756100
40.482852	-4.754605
40.482317	-4.752480
40.481202	-4.750643
40.481323	-4.748045
40.483187	-4.746370
40.484675	-4.745805
40.484038	-4.747903
40.483602	-4.750280
40.484117	-4.751653
40.484067	-4.749562
40.485935	-4.747508
40.487687	-4.745613
40.488803	-4.743912
40.490057	-4.741772
40.491687	-4.740500
40.492903	-4.738282
40.493935	-4.735872
40.494497	-4.733690
40.493075	-4.732525
40.494730	-4.732595
40.496245	-4.734432
40.496757	-4.736705
40.497927	-4.735935
40.497967	-4.735983
40.496630	-4.736595
40.496010	-4.733878
40.494118	-4.732178
40.492868	-4.732642
40.494507	-4.734022
40.493690	-4.736480
40.492145	-4.739492
40.490553	-4.741783
40.488965	-4.743465
40.487872	-4.745607
40.485818	-4.747857
40.484115	-4.749822
40.483877	-4.751830
40.483525	-4.749757
40.484300	-4.747110
40.484430	-4.745760
40.482175	-4.747243
40.481202	-4.749582
40.481617	-4.751765
40.482523	-4.754333
40.483540	-4.755333
40.483180	-4.758327
40.483967	-4.761263
40.483407	-4.763588
40.481410	-4.764483
40.479738	-4.765705
40.478417	-4.764560
40.477210	-4.762927
40.475423	-4.764517
40.473642	-4.764380
40.471253	-4.764940
40.468685	-4.765983
40.466137	-4.766142
40.463972	-4.766950
40.462800	-4.768205
40.461410	-4.768607
40.460647	-4.768880
40.460643	-4.768890
40.460647	-4.768898
40.460652	-4.768905
40.460655	-4.768908
40.460655	-4.768907
40.460662	-4.768905
40.460668	-4.768905
40.460670	-4.768903
40.460672	-4.768903
40.460668	-4.768902
40.460667	-4.768902
40.460667	-4.768903
40.460667	-4.768908
40.460667	-4.768905
40.460667	-4.768907
40.460667	-4.768903
40.460665	-4.768902
40.460665	-4.768900
40.460667	-4.768902
40.460665	-4.768900
40.460665	-4.768900
40.460663	-4.768898
40.460663	-4.768897
40.460663	-4.768897
40.460665	-4.768897
40.460665	-4.768897
40.460665	-4.768892
40.460665	-4.768893
40.460665	-4.768903
40.460567	-4.769118
40.460278	-4.769763
40.459857	-4.770805
40.459457	-4.771977
40.459508	-4.773753
40.458573	-4.775807
40.457668	-4.777922
40.457403	-4.780688
40.457202	-4.783073
40.457045	-4.785605
40.457133	-4.788182
40.457262	-4.790762
40.457393	-4.793610
40.457553	-4.796638
40.457690	-4.799355
40.457822	-4.802030
40.457945	-4.804498
40.458067	-4.807092
40.458192	-4.809665
40.458315	-4.812063
40.458408	-4.813985
40.458412	-4.815707
40.457832	-4.817242
40.457177	-4.818635
40.456478	-4.820015
40.455693	-4.821195
40.454928	-4.822377
40.454088	-4.822742
40.453192	-4.823060
40.452258	-4.822078
40.450667	-4.821693
40.448893	-4.823425
40.446820	-4.825042
40.445178	-4.827427
40.443553	-4.829955
40.442412	-4.832165
40.441483	-4.834505
40.439762	-4.836193
40.437663	-4.837730
40.436142	-4.840323
40.435407	-4.843337
40.435503	-4.846137
40.435712	-4.848807
40.434705	-4.851342
40.434967	-4.853517
40.433410	-4.855440
40.432317	-4.857662
40.431723	-4.860712
40.431817	-4.863898
40.431953	-4.866910
40.432248	-4.869208
40.430628	-4.869223
40.430363	-4.867182
40.429540	-4.865082
40.429118	-4.862477
40.428357	-4.860002
40.426980	-4.858055
40.425723	-4.855910
40.424655	-4.853583
40.423147	-4.853173
40.421842	-4.852047
40.421110	-4.849510
40.421132	-4.846900
40.421647	-4.844737
40.422707	-4.842672
40.423147	-4.840447
40.422505	-4.838212
40.420880	-4.838813
40.419212	-4.838227
40.418093	-4.838075
40.416692	-4.840237
40.415912	-4.842850
40.415543	-4.845898
40.415293	-4.849023
40.415465	-4.851963
40.414830	-4.854572
40.413805	-4.856878
40.413152	-4.859627
40.413443	-4.862703
40.413692	-4.865288
40.414247	-4.867145
40.414588	-4.868807
40.414585	-4.870533
40.414502	-4.872343
40.414053	-4.874233
40.412682	-4.873593
40.411322	-4.873935
40.410462	-4.876138
40.409602	-4.877990
40.408423	-4.879602
40.408138	-4.881827
40.406830	-4.881715
40.405500	-4.882007
40.405390	-4.884155
40.404970	-4.886392
40.406013	-4.888435
40.407722	-4.890272
40.409155	-4.892353
40.410748	-4.894390
40.411830	-4.896327
40.410535	-4.898082
40.408743	-4.899145
40.408195	-4.901928
40.408045	-4.904372
40.407027	-4.904455
40.406057	-4.902492
40.404522	-4.901285
40.403310	-4.903237
40.401987	-4.905240
40.399860	-4.906472
40.398117	-4.907512
40.398452	-4.909875
40.397885	-4.911097
40.396655	-4.909063
40.395153	-4.907312
40.394163	-4.908085
40.393992	-4.910492
40.394095	-4.912927
40.394300	-4.915535
40.395653	-4.916485
40.395915	-4.918548
40.395927	-4.921135
40.395555	-4.922853
40.396390	-4.925173
40.397143	-4.927893
40.397832	-4.930157
40.398343	-4.930695
40.398855	-4.930698
40.398863	-4.930700
40.398867	-4.930690
40.398863	-4.930688
40.398860	-4.930690
40.398857	-4.930692
40.398858	-4.930692
40.398860	-4.930693
40.398860	-4.930693
40.398862	-4.930692
40.398862	-4.930692
40.398863	-4.930692
40.398863	-4.930692
40.398865	-4.930692
40.398865	-4.930692
40.398867	-4.930692
40.398868	-4.930693
40.398868	-4.930692
40.398870	-4.930693
40.398870	-4.930693
40.398870	-4.930693
40.398870	-4.930693
40.398868	-4.930693
40.398868	-4.930693
40.398868	-4.930693
40.398868	-4.930695
40.398868	-4.930695
40.398867	-4.930695
40.398867	-4.930693
40.399630	-4.931015
40.400098	-4.931742
40.400022	-4.932872
40.399388	-4.934300
40.398690	-4.936018
40.399118	-4.939070
40.398695	-4.941513
40.397170	-4.940638
40.395815	-4.942240
40.395102	-4.944635
40.393870	-4.942835
40.392303	-4.942913
40.392463	-4.946638
40.393165	-4.949552
40.392502	-4.952678
40.391593	-4.955512
40.392553	-4.958790
40.393998	-4.962190
40.395780	-4.964380
40.397627	-4.965623
40.397930	-4.968468
40.397210	-4.971447
40.397162	-4.974388
40.398087	-4.976322
40.399058	-4.978602
40.399433	-4.981345
40.400062	-4.983807
40.400080	-4.985643
40.398293	-4.987082
40.395523	-4.987467
40.394420	-4.990077
40.394597	-4.993738
40.393648	-4.995720
40.391092	-4.995498
40.390080	-4.998475
40.389682	-5.001722
40.389145	-5.004905
40.389858	-5.007905
40.389493	-5.011372
40.388245	-5.014628
40.388600	-5.016850
40.390785	-5.016057
40.391407	-5.018345
40.391372	-5.021695
40.391072	-5.022907
40.391005	-5.023288
40.390997	-5.023423
40.390992	-5.023422
40.390985	-5.023433
40.390985	-5.023438
40.390983	-5.023438
40.390987	-5.023438
40.390995	-5.023430
40.390995	-5.023425
40.390993	-5.023423
40.390992	-5.023418
40.390987	-5.023413
40.390985	-5.023408
40.390987	-5.023405
40.390988	-5.023408
40.391370	-5.023713
40.392665	-5.024398
40.394313	-5.025128
40.396023	-5.026007
40.398102	-5.026823
40.400275	-5.027560
40.402135	-5.028890
40.404310	-5.029998
40.406448	-5.031010
40.408920	-5.031453
40.411285	-5.031910
40.413298	-5.033440
40.415495	-5.034237
40.417937	-5.034297
40.420187	-5.032607
40.422485	-5.031367
40.424525	-5.030485
40.426248	-5.027610
40.427075	-5.025257
40.427990	-5.023295
40.429212	-5.022052
40.430718	-5.020630
40.432552	-5.021358
40.434678	-5.022357
40.436945	-5.022848
40.439388	-5.022847
40.440787	-5.023190
40.441650	-5.023930
40.443173	-5.024145
40.444910	-5.023238
40.447297	-5.023690
40.449412	-5.024043
40.451297	-5.024542
40.453640	-5.024688
40.455883	-5.025502
40.458050	-5.026067
40.459798	-5.025608
40.461742	-5.023488
40.464037	-5.021567
40.466280	-5.019695
40.468470	-5.017857
40.470467	-5.016588
40.472997	-5.015577
40.474848	-5.013513
40.476680	-5.011942
40.478692	-5.010145
40.480407	-5.007905
40.482865	-5.006983
40.485435	-5.005902
40.487357	-5.005022
40.487585	-5.006407
40.486062	-5.008333
40.485212	-5.009515
40.487422	-5.009220
40.489643	-5.008355
40.491533	-5.006062
40.493747	-5.005220
40.495765	-5.003223
40.497782	-5.001415
40.499322	-4.999653
40.501072	-4.998112
40.502148	-4.995982
40.503557	-4.993707
40.506072	-4.992792
40.508160	-4.992083
40.509675	-4.990390
40.511667	-4.988593
40.513833	-4.987367
40.515688	-4.986337
40.518218	-4.986350
40.520035	-4.984970
40.520975	-4.983090
40.521632	-4.980712
40.522688	-4.978352
40.523475	-4.975563
40.524078	-4.973017
40.523275	-4.970615
40.522632	-4.968357
40.524465	-4.967032
40.526382	-4.967507
40.528257	-4.966782
40.530195	-4.965862
40.531702	-4.964427
40.532242	-4.961662
40.532808	-4.958828
40.533557	-4.955748
40.534310	-4.952678
40.534632	-4.949908
40.534127	-4.946905
40.534245	-4.944092
40.534335	-4.941623
40.534788	-4.939273
40.535525	-4.937393
40.536703	-4.935540
40.537920	-4.933937
40.538992	-4.932050
40.539800	-4.930282
40.540553	-4.928690
40.541400	-4.927623
40.541967	-4.925897
40.543662	-4.924403
40.545292	-4.922977
40.547182	-4.921045
40.549015	-4.919027
40.550455	-4.916268
40.551527	-4.913320
40.552420	-4.910833
40.553055	-4.909123
40.553192	-4.908520
40.553237	-4.908487
40.553378	-4.909028
40.553330	-4.909417
40.553312	-4.909402
40.553313	-4.909402
40.553312	-4.909402
40.553310	-4.909405
40.553315	-4.909398
40.553312	-4.909393
40.553312	-4.909392
40.553313	-4.909392
40.553313	-4.909380
40.553307	-4.909385
40.553305	-4.909387
40.553303	-4.909383
40.553303	-4.909380
40.553300	-4.909382
40.553295	-4.909385
40.553287	-4.909385
40.553282	-4.909385
40.553277	-4.909390
40.553273	-4.909392
40.553268	-4.909397
40.553268	-4.909400
40.553267	-4.909402
40.553265	-4.909402
40.553263	-4.909402
40.553263	-4.909402
40.553270	-4.909377
40.553230	-4.909362
40.553227	-4.909363
40.553222	-4.909367
40.553215	-4.909373
40.553608	-4.907647
40.554337	-4.906408
40.554892	-4.905208
40.555393	-4.904567
40.554640	-4.903598
40.553787	-4.903288
40.552835	-4.903537
40.551963	-4.903773
40.550750	-4.903850
40.549880	-4.903857
40.548775	-4.903855
40.547868	-4.903868
40.546503	-4.903673
40.545063	-4.903365
40.543752	-4.903078
40.543020	-4.901762
40.542510	-4.899878
40.541858	-4.898100
40.540982	-4.896752
40.539842	-4.896688
40.538625	-4.897200
40.537503	-4.897640
40.536833	-4.898013
40.536077	-4.898528
40.535860	-4.899092
40.535813	-4.899343
40.535807	-4.899317
40.535808	-4.899338
40.535795	-4.899347
40.535787	-4.899357
40.535780	-4.899365
40.535775	-4.899372
40.535770	-4.899373
40.535763	-4.899373
40.535758	-4.899373
40.535757	-4.899372
40.535755	-4.899368
40.535755	-4.899367
40.535755	-4.899367
40.535755	-4.899368
40.535755	-4.899370
40.535755	-4.899372
40.535755	-4.899373
40.535755	-4.899373
40.535753	-4.899375
40.535753	-4.899377
40.535752	-4.899378
40.535753	-4.899377
40.535753	-4.899377
40.535753	-4.899377
40.535753	-4.899378
40.535753	-4.899380
40.535753	-4.899380
40.535755	-4.899382
40.535755	-4.899383
40.535753	-4.899383
40.535753	-4.899383
40.538952	-4.897138
40.540032	-4.896677
40.541048	-4.896753
40.541818	-4.897953
40.542360	-4.899305
40.542800	-4.900877
40.543240	-4.902457
40.544313	-4.903172
40.545788	-4.903517
40.547400	-4.903885
40.548813	-4.903983
40.549937	-4.903940
40.550693	-4.903937
40.551800	-4.903903
40.552915	-4.903602
40.553868	-4.903308
40.554748	-4.903607
40.555392	-4.904565
40.555502	-4.904700
40.556928	-4.904458
40.559225	-4.903658
40.560718	-4.903040
40.562098	-4.902500
40.564025	-4.901700
40.566132	-4.900863
40.568405	-4.899792
40.570900	-4.898520
40.573033	-4.896872
40.574305	-4.893983
40.575645	-4.890920
40.576895	-4.888037
40.578180	-4.885132
40.579437	-4.882287
40.580742	-4.879310
40.582065	-4.876262
40.583365	-4.873247
40.584675	-4.870207
40.585992	-4.867167
40.587353	-4.864043
40.588720	-4.860890
40.590058	-4.857783
40.591367	-4.854745
40.592570	-4.851982
40.593893	-4.848918
40.595212	-4.845870
40.596450	-4.843015
40.597647	-4.840218
40.598905	-4.837285
40.600090	-4.834615
40.601120	-4.832257
40.602223	-4.829730
40.603360	-4.827125
40.604485	-4.824550
40.605600	-4.821975
40.606658	-4.819507
40.607800	-4.816858
40.608870	-4.814398
40.609590	-4.812675
40.610278	-4.810662
40.611365	-4.808805
40.612417	-4.806993
40.613647	-4.804820
40.614937	-4.802495
40.616192	-4.800098
40.617683	-4.797612
40.619387	-4.795152
40.620743	-4.792597
40.621923	-4.789897
40.622913	-4.787425
40.623948	-4.784837
40.624890	-4.782465
40.626032	-4.779650
40.627142	-4.776905
40.628307	-4.774397
40.629397	-4.772142
40.630190	-4.770588
40.630738	-4.770388
40.631180	-4.768933
40.631783	-4.767203
40.632550	-4.765518
40.633437	-4.763105
40.634325	-4.760657
40.635188	-4.758255
40.636110	-4.755720
40.637045	-4.753163
40.637868	-4.750898
40.638682	-4.748677
40.639428	-4.746623
40.640180	-4.744565
40.640950	-4.742465
40.641728	-4.740327
40.642577	-4.738015
40.643393	-4.735772
40.644230	-4.733345
40.645232	-4.730935
40.646383	-4.728695
40.647603	-4.727053
40.647698	-4.725710
40.647220	-4.724918
40.647905	-4.723357
40.648632	-4.721392
40.649372	-4.719308
40.650175	-4.717033
40.651038	-4.714550
40.651727	-4.712578
40.651930	-4.711263
40.651052	-4.709452
40.650133	-4.707525
40.649262	-4.705673
40.648522	-4.704222
40.648305	-4.703162
40.648210	-4.701775
40.648058	-4.700860
40.647923	-4.699797
40.647815	-4.698747
40.647667	-4.698333
40.647590	-4.697805
40.647630	-4.697430
40.647552	-4.696350
40.647472	-4.695185
40.647442	-4.694373
40.647552	-4.692763
40.647550	-4.691632
40.647967	-4.690353
40.648187	-4.688822
40.648297	-4.687770
40.648370	-4.686862
40.648198	-4.685547
40.648032	-4.684422
40.647933	-4.683225
40.647875	-4.682333
40.648127	-4.681253
40.648448	-4.680038
40.648702	-4.679037
40.649002	-4.677987
40.649108	-4.677553
40.649548	-4.676883
40.650133	-4.675855
40.650380	-4.675097
40.649680	-4.673698
40.649113	-4.672747
40.647980	-4.670505
40.646588	-4.668378
40.644937	-4.666195
40.643203	-4.663995
40.641887	-4.662280
40.640688	-4.660410
40.639762	-4.658558
40.638473	-4.655882
40.637102	-4.653177
40.635808	-4.650562
40.634465	-4.647828
40.633075	-4.645012
40.631648	-4.642125
40.630235	-4.639253
40.628862	-4.636470
40.627518	-4.633763
40.626173	-4.631035
40.624838	-4.628368
40.623845	-4.625358
40.623445	-4.622048
40.622992	-4.618593
40.622543	-4.615498
40.621753	-4.611992
40.620527	-4.608885
40.619672	-4.605847
40.618815	-4.602775
40.618285	-4.599718
40.619285	-4.596780
40.619415	-4.593725
40.617310	-4.591772
40.615088	-4.590233
40.614468	-4.587188
40.614135	-4.584367
40.612398	-4.582578
40.611877	-4.579882
40.611570	-4.577032
40.610967	-4.573810
40.610188	-4.570318
40.609603	-4.567075
40.609625	-4.563690
40.609755	-4.560398
40.609895	-4.557040
40.610025	-4.553768
40.609240	-4.550623
40.607242	-4.548378
40.606878	-4.545292
40.607237	-4.542178
40.607795	-4.538948
40.609010	-4.535363
40.610115	-4.530652
40.610718	-4.527413
40.610873	-4.524022
40.612552	-4.521403
40.614335	-4.519167
40.616395	-4.517167
40.618765	-4.516007
40.620988	-4.514392
40.620663	-4.511175
40.619898	-4.507655
40.619473	-4.504193
40.617807	-4.501568
40.615572	-4.500243
40.613463	-4.499605
40.613553	-4.497002
40.612958	-4.495285
40.611517	-4.496385
40.610705	-4.498040
40.609290	-4.499353
40.607087	-4.498985
40.604957	-4.498252
40.603182	-4.498182
40.601713	-4.498588
40.600288	-4.498978
40.598785	-4.499210
40.597157	-4.498833
40.595722	-4.497820
40.594647	-4.496382
40.593628	-4.494152
40.592277	-4.491297
40.591878	-4.488500
40.592395	-4.485710
40.592315	-4.482628
40.590715	-4.480063
40.589065	-4.477505
40.588383	-4.474977
40.589440	-4.472268
40.590627	-4.469498
40.591255	-4.466392
40.591877	-4.463275
40.592648	-4.460378
40.593967	-4.457783
40.594923	-4.455082
40.594982	-4.451978
40.595530	-4.448548
40.596532	-4.445877
40.596390	-4.443202
40.594515	-4.441512
40.592532	-4.438850
40.591563	-4.435283
40.590812	-4.432122
40.590123	-4.429127
40.589360	-4.425995
40.588590	-4.422917
40.587858	-4.419968
40.587257	-4.417498
40.586772	-4.415512
40.586373	-4.413915
40.585867	-4.411860
40.585385	-4.409908
40.585088	-4.407863
40.585817	-4.405348
40.586838	-4.402297
40.587932	-4.398967
40.589073	-4.395488
40.590148	-4.392042
40.591273	-4.388690
40.592360	-4.385290
40.592910	-4.382240
40.591987	-4.379448
40.591230	-4.376810
40.591747	-4.374092
40.592332	-4.371198
40.592672	-4.368492
40.592347	-4.365898
40.592088	-4.363348
40.592578	-4.360998
40.593772	-4.359080
40.594652	-4.356915
40.595288	-4.354332
40.595880	-4.351923
40.596385	-4.349942
40.596843	-4.348115
40.597395	-4.345868
40.598093	-4.343077
40.598342	-4.340527
40.597842	-4.338988
40.597408	-4.337598
40.596148	-4.335513
40.594790	-4.334157
40.593127	-4.333028
40.590988	-4.332655
40.588663	-4.332200
40.585740	-4.331160
40.582888	-4.329938
40.580405	-4.328010
40.578315	-4.325450
40.576583	-4.322528
40.575007	-4.319825
40.573645	-4.317522
40.572142	-4.315017
40.569898	-4.313252
40.567453	-4.312648
40.565287	-4.310445
40.563630	-4.307938
40.561858	-4.304622
40.560328	-4.301417
40.559665	-4.297755
40.559208	-4.294345
40.558678	-4.291557
40.556843	-4.290865
40.555013	-4.291947
40.553292	-4.291337
40.554168	-4.289268
40.555825	-4.287848
40.557033	-4.285845
40.557998	-4.283797
40.559558	-4.282617
40.559740	-4.280415
40.560140	-4.278353
40.559910	-4.276122
40.557942	-4.275368
40.556282	-4.274262
40.554765	-4.272893
40.553702	-4.271013
40.554160	-4.268873
40.554563	-4.266912
40.555027	-4.264933
40.556445	-4.263335
40.557925	-4.261977
40.558773	-4.260392
40.560505	-4.259592
40.561515	-4.257418
40.560865	-4.255195
40.559280	-4.253413
40.559162	-4.250507
40.559405	-4.247813
40.560407	-4.245748
40.560585	-4.244105
40.560513	-4.242202
40.561285	-4.239765
40.561533	-4.237023
40.561645	-4.234690
40.561178	-4.232527
40.560440	-4.230410
40.559965	-4.227947
40.560368	-4.225673
40.560678	-4.223638
40.561190	-4.221805
40.561710	-4.219848
40.562850	-4.218407
40.563027	-4.215975
40.563792	-4.213502
40.564347	-4.211188
40.565052	-4.209047
40.565957	-4.207273
40.566382	-4.205375
40.566480	-4.203080
40.566317	-4.200970
40.565242	-4.199352
40.563573	-4.198545
40.561887	-4.198598
40.560838	-4.199172
40.559892	-4.198083
40.559280	-4.197162
40.558932	-4.196608
40.559847	-4.196297
40.560770	-4.196707
40.561057	-4.195993
40.561147	-4.194887
40.561738	-4.195712
40.563020	-4.195117
40.564513	-4.194987
40.565648	-4.194203
40.566005	-4.195148
40.566167	-4.194088
40.566118	-4.192103
40.566947	-4.190745
40.567372	-4.189000
40.568153	-4.187432
40.569182	-4.186145
40.570560	-4.185185
40.571428	-4.183410
40.572863	-4.182838
40.573800	-4.181337
40.574483	-4.179647
40.575177	-4.177600
40.575598	-4.175575
40.575960	-4.173568
40.575920	-4.171353
40.576287	-4.169372
40.577023	-4.167782
40.577912	-4.166115
40.577948	-4.164137
40.576787	-4.163078
40.575237	-4.163098
40.574180	-4.161472
40.575012	-4.159240
40.574883	-4.156660
40.574962	-4.154440
40.575180	-4.152890
40.575380	-4.151237
40.575682	-4.149122
40.576447	-4.146753
40.577292	-4.144512
40.577437	-4.141960
40.577533	-4.139475
40.577438	-4.136855
40.577570	-4.134147
40.578007	-4.132218
40.578337	-4.129997
40.578807	-4.128248
40.578680	-4.126780
40.578095	-4.125967
40.577438	-4.125350
40.576765	-4.124795
40.576490	-4.124668
40.575992	-4.124568
40.574288	-4.123898
40.572560	-4.123327
40.570545	-4.123242
40.568580	-4.123615
40.566807	-4.123602
40.565133	-4.123192
40.563940	-4.121167
40.562592	-4.119475
40.560830	-4.119548
40.559112	-4.119358
40.557797	-4.118290
40.556270	-4.117738
40.554775	-4.117127
40.553187	-4.115813
40.551375	-4.115743
40.549652	-4.115842
40.547927	-4.115422
40.546610	-4.114330
40.545665	-4.113533
40.544738	-4.112720
40.544090	-4.112010
40.543992	-4.110108
40.543485	-4.108082
40.542712	-4.106085
40.541820	-4.104365
40.540712	-4.102925
40.539383	-4.101997
40.537892	-4.101430
40.536805	-4.099898
40.535523	-4.098048
40.534215	-4.096187
40.533092	-4.094860
40.532207	-4.094033
40.531095	-4.093038
40.529567	-4.091732
40.527598	-4.090285
40.525550	-4.088557
40.523627	-4.086958
40.521940	-4.085577
40.520290	-4.084215
40.518890	-4.083033
40.517442	-4.081812
40.516318	-4.080285
40.515443	-4.078557
40.514217	-4.076985
40.512627	-4.075723
40.511138	-4.074602
40.509562	-4.073420
40.508412	-4.071402
40.508423	-4.068937
40.508755	-4.066480
40.507710	-4.064195
40.506557	-4.062480
40.506800	-4.060060
40.507762	-4.058293
40.508148	-4.056732
40.507710	-4.055835
40.506818	-4.054358
40.504785	-4.053625
40.502630	-4.052658
40.500667	-4.051635
40.499008	-4.051587
40.498097	-4.051417
40.497915	-4.051358
40.497870	-4.051337
40.497353	-4.051252
40.496822	-4.051120
40.496328	-4.051028
40.495625	-4.050868
40.494993	-4.050732
40.494487	-4.050595
40.493707	-4.050347
40.492850	-4.050080
40.491878	-4.049755
40.490830	-4.049225
40.490140	-4.048867
40.489797	-4.048658
40.489435	-4.048440
40.489140	-4.048267
40.488877	-4.048113
40.488467	-4.047852
40.488157	-4.047610
40.487783	-4.047187
40.487453	-4.046638
40.487145	-4.045918
40.486893	-4.045167
40.486635	-4.044380
40.486295	-4.043312
40.485748	-4.042240
40.484637	-4.041777
40.483217	-4.042017
40.482002	-4.040853
40.481415	-4.039038
40.480450	-4.037690
40.479668	-4.035590
40.478297	-4.033877
40.477360	-4.032083
40.477628	-4.029667
40.477690	-4.027247
40.477845	-4.024840
40.477440	-4.022680
40.476852	-4.021357
40.476468	-4.020723
40.476075	-4.020177
40.475567	-4.019522
40.474848	-4.018655
40.473932	-4.017743
40.472840	-4.016842
40.472027	-4.015848
40.471385	-4.015125
40.470753	-4.014845
40.471050	-4.013797
40.470447	-4.011730
40.469573	-4.009782
40.468947	-4.008862
40.468650	-4.008052
40.469487	-4.007958
40.471187	-4.006618
40.473350	-4.005503
40.475575	-4.004025
40.476588	-4.000690
40.477180	-3.997197
40.477893	-3.994270
40.479032	-3.991347
40.480527	-3.988613
40.481810	-3.985922
40.481513	-3.982867
40.479917	-3.980628
40.477710	-3.979115
40.475758	-3.976778
40.473707	-3.974288
40.472082	-3.971367
40.470102	-3.968977
40.468250	-3.966383
40.466090	-3.964292
40.463535	-3.963063
40.461292	-3.961135
40.460093	-3.958500
40.459795	-3.955370
40.459545	-3.952442
40.458573	-3.950000
40.458148	-3.947250
40.457807	-3.944657
40.456683	-3.942400
40.456750	-3.939338
40.457195	-3.935970
40.458182	-3.932713
40.458300	-3.929130
40.458938	-3.925877
40.458588	-3.922603
40.458702	-3.919238
40.458758	-3.915897
40.458248	-3.913142
40.457728	-3.910008
40.457513	-3.906470
40.456982	-3.902958
40.457107	-3.899203
40.456690	-3.895557
40.455918	-3.892305
40.455400	-3.890180
40.455230	-3.888820
40.455087	-3.886182
40.454717	-3.883230
40.454463	-3.881208
40.454155	-3.880672
40.453708	-3.880367
40.453860	-3.879322
40.453970	-3.877732
40.453382	-3.875658
40.452230	-3.873658
40.451455	-3.871717
40.450913	-3.869495
40.450553	-3.866163
40.450433	-3.862962
40.449800	-3.859830
40.448415	-3.856677
40.446555	-3.854108
40.444418	-3.852030
40.442167	-3.849818
40.440062	-3.847563
40.438422	-3.845628
40.437172	-3.844093
40.435763	-3.842243
40.434375	-3.840433
40.433235	-3.838820
40.431983	-3.838097
40.430543	-3.837128
40.428860	-3.836915
40.426873	-3.836437
40.424723	-3.835038
40.422873	-3.833085
40.421115	-3.830582
40.419178	-3.827760
40.417170	-3.824927
40.414882	-3.822187
40.411837	-3.821547
40.409378	-3.823160
40.407923	-3.826140
40.406142	-3.828770
40.403625	-3.830625
40.401347	-3.832063
40.399030	-3.833057
40.396455	-3.833227
40.393627	-3.832365
40.390877	-3.830417
40.388215	-3.828345
40.385690	-3.825987
40.383922	-3.822450
40.383300	-3.818222
40.382570	-3.814133
40.380965	-3.811138
40.378825	-3.809213
40.376320	-3.807470
40.374127	-3.804805
40.372092	-3.802062
40.369995	-3.799273
40.367877	-3.796538
40.365602	-3.794297
40.363140	-3.792243
40.361690	-3.789078
40.362042	-3.785370
40.362450	-3.781552
40.361650	-3.777713
40.360097	-3.774382
40.359368	-3.770583
40.359435	-3.766932
40.359000	-3.763198
40.358613	-3.759687
40.359030	-3.756318
40.360037	-3.752745
40.360805	-3.749157
40.361630	-3.745660
40.362015	-3.742007
40.361898	-3.739013
40.362067	-3.736315
40.362385	-3.734413
40.362645	-3.733320
40.363027	-3.731978
40.363363	-3.730633
40.363652	-3.729358
40.363905	-3.728170
40.364172	-3.726892
40.364407	-3.725437
40.364598	-3.723912
40.364697	-3.722782
40.364765	-3.721505
40.364787	-3.719827
40.364705	-3.717910
40.364588	-3.716738
40.364505	-3.715905
40.364365	-3.714933
40.364208	-3.713532
40.364085	-3.711815
40.364008	-3.710165
40.363948	-3.708915
40.363865	-3.707412
40.363648	-3.705218
40.363537	-3.702782
40.363887	-3.700267
40.364375	-3.697522
40.364497	-3.694580
40.364353	-3.691610
40.363783	-3.688862
40.362812	-3.686117
40.362002	-3.683790
40.361225	-3.681553
40.360743	-3.679363
40.361353	-3.677820
40.362953	-3.677995
40.364943	-3.678135
40.367655	-3.678333
40.370098	-3.679005
40.372480	-3.680318
40.374785	-3.682237
40.377058	-3.684222
40.379068	-3.685617
40.380285	-3.685937
40.379277	-3.684285
40.377797	-3.683415
40.376375	-3.682568
40.374962	-3.681770
40.374237	-3.681988
40.373122	-3.681415
40.373235	-3.680372
40.375260	-3.681818
40.377157	-3.682962
40.378660	-3.683783
40.380608	-3.685088
40.382935	-3.686677
40.384575	-3.688000
40.385168	-3.688532
40.385175	-3.688538
40.385267	-3.688622
40.386313	-3.689643
40.387230	-3.690448
40.387403	-3.690585
40.387387	-3.690612
40.387388	-3.690633
40.387375	-3.690680
40.387352	-3.690732
40.387975	-3.691083
40.388815	-3.691148
40.389313	-3.689985
40.389710	-3.688953
40.390053	-3.688395
40.390478	-3.688602
40.390852	-3.688075
40.391088	-3.687763
40.390717	-3.687332
40.390163	-3.687292
40.389620	-3.687923
40.389187	-3.688495
40.389155	-3.688495
40.389110	-3.688525
40.389050	-3.688572
40.389035	-3.688572
40.389062	-3.688537
40.389060	-3.688328
40.388928	-3.688087
40.388928	-3.688087
40.388928	-3.688087
40.388928	-3.688087
40.388273	-3.688987
40.388217	-3.688978
40.388135	-3.688970
40.388087	-3.688937
40.388072	-3.688918
40.388075	-3.688918
40.388108	-3.688965
40.388150	-3.689113
40.388140	-3.689145
40.388143	-3.689150
40.388152	-3.689157
40.388152	-3.689183
40.388153	-3.689208
40.388187	-3.689203
40.388202	-3.689217
40.388212	-3.689218
40.388220	-3.689217
40.388220	-3.689217
40.388217	-3.689218
40.388217	-3.689215
40.388218	-3.689187
40.388208	-3.689148
40.388215	-3.689150
40.388220	-3.689133
40.388222	-3.689120
40.553215	-4.909373
40.553215	-4.909373
40.553215	-4.909373
40.553215	-4.909373
40.553215	-4.909373
40.553215	-4.909373
40.553215	-4.909373
40.553215	-4.909373
40.553215	-4.909373
40.553215	-4.909373
40.553215	-4.909373
40.553215	-4.909373
40.553215	-4.909373
40.553215	-4.909373
40.553215	-4.909373
40.553215	-4.909373
40.553215	-4.909373
40.553215	-4.909373
40.553215	-4.909373
40.553215	-4.909373
40.553215	-4.909373
40.553215	-4.909373
40.553215	-4.909373
40.553215	-4.909373
40.553215	-4.909373
40.553215	-4.909373
40.553215	-4.909373
40.553215	-4.909373
40.553215	-4.909373
40.553215	-4.909373
40.553215	-4.909373

