40.448717	-3.655038
40.448717	-3.655038
40.448717	-3.655038
40.448717	-3.655038
40.448717	-3.655038
40.448717	-3.655038
40.448717	-3.655038
40.448717	-3.655038
40.448717	-3.655038
40.448717	-3.655038
40.448717	-3.655038
40.448717	-3.655038
40.448717	-3.655038
40.448717	-3.655038
40.448717	-3.655038
40.448717	-3.655038
40.448717	-3.655038
40.448717	-3.655038
40.448717	-3.655038
40.448717	-3.655038
40.448717	-3.655038
40.448717	-3.655038
40.448717	-3.655038
40.448717	-3.655038
40.448717	-3.655038
40.448717	-3.655038
40.448717	-3.655038
40.448717	-3.655038
40.448717	-3.655038
40.448717	-3.655038
40.448717	-3.655038
40.448717	-3.655038
40.448717	-3.655038
40.448717	-3.655038
40.448717	-3.655038
40.448717	-3.655038
40.448717	-3.655038
40.448717	-3.655038
40.448717	-3.655038
40.448717	-3.655038
40.448717	-3.655038
40.448717	-3.655038
40.448717	-3.655038
40.448717	-3.655038
40.448717	-3.655038
40.448717	-3.655038
40.448717	-3.655038
40.448717	-3.655038
40.448717	-3.655038
40.448717	-3.655038
40.448717	-3.655038
40.448717	-3.655038
40.448717	-3.655038
40.448717	-3.655038
40.448717	-3.655038
40.448717	-3.655038
40.448717	-3.655038
40.448717	-3.655038
40.448717	-3.655038
40.448717	-3.655038
40.448717	-3.655038
40.448717	-3.655038
40.448717	-3.655038
40.448717	-3.655038
40.448717	-3.655038
40.448717	-3.655038
40.448717	-3.655038
40.448717	-3.655038
40.448717	-3.655038
40.448717	-3.655038
40.448717	-3.655038
40.448717	-3.655038
40.448717	-3.655038
40.448717	-3.655038
40.448717	-3.655038
40.448717	-3.655038
40.448717	-3.655038
40.448717	-3.655038
40.448717	-3.655038
40.448717	-3.655038
40.448717	-3.655038
40.448717	-3.655038
40.448717	-3.655038
40.448717	-3.655038
40.448717	-3.655038
40.448717	-3.655038
40.388742	-3.689027
40.388467	-3.689422
40.387852	-3.690252
40.387215	-3.690572
40.386358	-3.689747
40.385653	-3.688952
40.385522	-3.688862
40.385460	-3.688860
40.385358	-3.688765
40.384675	-3.688107
40.383518	-3.687200
40.382145	-3.686117
40.380550	-3.685087
40.379023	-3.684063
40.377463	-3.683210
40.375975	-3.682392
40.374695	-3.681617
40.373950	-3.682147
40.372923	-3.681082
40.373550	-3.680767
40.374912	-3.681727
40.376578	-3.682608
40.378150	-3.683493
40.379487	-3.684212
40.381050	-3.685018
40.382608	-3.683942
40.384303	-3.682287
40.386510	-3.681262
40.388405	-3.680025
40.390318	-3.678707
40.391953	-3.676763
40.393568	-3.674677
40.394942	-3.672433
40.396647	-3.670530
40.398403	-3.669070
40.400297	-3.667743
40.402245	-3.666785
40.404110	-3.665953
40.406340	-3.664795
40.408592	-3.663668
40.410702	-3.662708
40.412582	-3.661522
40.414655	-3.660120
40.416487	-3.658963
40.417163	-3.657158
40.417803	-3.655532
40.417077	-3.653042
40.416838	-3.652243
40.415303	-3.647727
40.414682	-3.644998
40.414363	-3.642208
40.414348	-3.639277
40.414643	-3.636247
40.414985	-3.633502
40.414887	-3.630555
40.414173	-3.627763
40.413222	-3.624908
40.412698	-3.622052
40.412222	-3.619357
40.413495	-3.617268
40.415567	-3.616603
40.416635	-3.614020
40.417723	-3.611065
40.418818	-3.607993
40.419888	-3.604998
40.420952	-3.602015
40.422555	-3.599513
40.424932	-3.598412
40.427140	-3.597683
40.429532	-3.596870
40.431840	-3.595878
40.434273	-3.594435
40.436822	-3.593510
40.439372	-3.593162
40.441752	-3.594653
40.443412	-3.597313
40.444930	-3.599735
40.446695	-3.602320
40.449155	-3.603702
40.451687	-3.604343
40.453438	-3.606357
40.454502	-3.609392
40.455458	-3.612132
40.456782	-3.614617
40.457647	-3.616068
40.457875	-3.616455
40.458270	-3.616517
40.458312	-3.616298
40.458312	-3.616303
40.458305	-3.616322
40.458307	-3.616318
40.458302	-3.616303
40.458293	-3.616312
40.458293	-3.616313
40.458295	-3.616318
40.458292	-3.616327
40.458287	-3.616340
40.458287	-3.616348
40.458283	-3.616367
40.458277	-3.616387
40.458272	-3.616407
40.458275	-3.616422
40.458273	-3.616445
40.458270	-3.616460
40.458272	-3.616475
40.458278	-3.616485
40.458278	-3.616495
40.458278	-3.616505
40.458278	-3.616520
40.458280	-3.616522
40.458278	-3.616525
40.458277	-3.616528
40.458277	-3.616533
40.458275	-3.616537
40.458275	-3.616535
40.458262	-3.616542
40.458263	-3.616527
40.458273	-3.616517
40.458277	-3.616513
40.458497	-3.616913
40.458578	-3.616993
40.458590	-3.616955
40.458610	-3.616905
40.458627	-3.616845
40.458628	-3.616807
40.458630	-3.616773
40.458628	-3.616745
40.458623	-3.616710
40.458617	-3.616687
40.458613	-3.616667
40.458612	-3.616648
40.458610	-3.616638
40.458605	-3.616630
40.458600	-3.616618
40.458595	-3.616608
40.458587	-3.616592
40.458587	-3.616587
40.458582	-3.616582
40.458585	-3.616577
40.458588	-3.616573
40.458592	-3.616567
40.458588	-3.616567
40.458585	-3.616563
40.458580	-3.616562
40.458580	-3.616562
40.458577	-3.616562
40.458577	-3.616560
40.458575	-3.616560
40.458573	-3.616560
40.458572	-3.616562
40.458573	-3.616562
40.458573	-3.616562
40.458583	-3.616428
40.458558	-3.616437
40.458785	-3.616197
40.458772	-3.616215
40.458757	-3.616218
40.458753	-3.616227
40.458755	-3.616228
40.458755	-3.616232
40.458752	-3.616233
40.458750	-3.616230
40.458750	-3.616232
40.458752	-3.616230
40.458752	-3.616232
40.458752	-3.616233
40.458752	-3.616233
40.458753	-3.616233
40.458753	-3.616233
40.458755	-3.616235
40.458755	-3.616235
40.458755	-3.616235
40.458755	-3.616235
40.458755	-3.616235
40.458755	-3.616235
40.458753	-3.616235
40.458753	-3.616235
40.458753	-3.616235
40.458755	-3.616235
40.458755	-3.616237
40.458757	-3.616237
40.458748	-3.616220
40.458748	-3.616222
40.458738	-3.616217
40.458733	-3.616215
40.458728	-3.616217
40.458727	-3.616218
40.458652	-3.616367
40.458477	-3.616962
40.458537	-3.617185
40.458527	-3.617165
40.458517	-3.617152
40.458647	-3.617903
40.459422	-3.619217
40.460438	-3.620998
40.461750	-3.622525
40.463438	-3.623892
40.465263	-3.625302
40.467100	-3.626715
40.468910	-3.628155
40.470597	-3.629777
40.472357	-3.631815
40.474073	-3.633945
40.475772	-3.636317
40.477395	-3.638562
40.478932	-3.640680
40.480542	-3.642688
40.482762	-3.644002
40.484998	-3.644250
40.487533	-3.643887
40.490078	-3.644118
40.492582	-3.645112
40.494967	-3.646117
40.497052	-3.646688
40.498980	-3.646957
40.500913	-3.647625
40.502983	-3.648015
40.505122	-3.648713
40.507045	-3.650198
40.508530	-3.652337
40.509530	-3.654968
40.510597	-3.657202
40.512362	-3.656807
40.514012	-3.655270
40.515745	-3.653620
40.517652	-3.652790
40.519930	-3.652300
40.522027	-3.651235
40.523903	-3.649865
40.525763	-3.648528
40.527678	-3.647410
40.529518	-3.645538
40.531083	-3.643167
40.532325	-3.640337
40.532962	-3.637300
40.532948	-3.633987
40.532210	-3.630658
40.531597	-3.627430
40.531518	-3.624710
40.531823	-3.621683
40.532478	-3.618915
40.533557	-3.616157
40.534942	-3.613772
40.536555	-3.611733
40.538408	-3.610103
40.540453	-3.608898
40.542607	-3.608190
40.544828	-3.607907
40.547178	-3.607965
40.549395	-3.608020
40.551588	-3.607547
40.553762	-3.606297
40.555548	-3.604370
40.557123	-3.602160
40.558833	-3.599710
40.560477	-3.597352
40.562143	-3.594952
40.563823	-3.592587
40.565797	-3.590642
40.568037	-3.588987
40.570245	-3.587695
40.572438	-3.586758
40.574718	-3.586075
40.576662	-3.585623
40.578185	-3.585195
40.579458	-3.584315
40.581068	-3.584138
40.582100	-3.583878
40.582423	-3.582465
40.582748	-3.580075
40.583085	-3.577680
40.583262	-3.576078
40.583252	-3.575135
40.583502	-3.573670
40.582872	-3.571760
40.582802	-3.569672
40.583390	-3.567380
40.583995	-3.564860
40.584400	-3.562355
40.584632	-3.560500
40.584517	-3.559718
40.584772	-3.558918
40.585377	-3.559293
40.586310	-3.559712
40.588237	-3.559715
40.590283	-3.559927
40.592435	-3.560407
40.594672	-3.560233
40.596933	-3.559305
40.598928	-3.557665
40.600712	-3.555718
40.602577	-3.553672
40.604423	-3.551653
40.606232	-3.549703
40.608373	-3.548118
40.610662	-3.547358
40.612832	-3.547387
40.615205	-3.547927
40.617602	-3.548493
40.620010	-3.549063
40.622345	-3.549563
40.624858	-3.549475
40.627305	-3.548533
40.629467	-3.546818
40.631205	-3.544477
40.632435	-3.541647
40.633102	-3.538445
40.633162	-3.535143
40.633358	-3.532013
40.634260	-3.529267
40.635432	-3.526992
40.637150	-3.524778
40.639208	-3.523007
40.641547	-3.521668
40.643957	-3.520348
40.646323	-3.519050
40.648555	-3.517823
40.650473	-3.515802
40.650835	-3.513097
40.650732	-3.511580
40.650377	-3.510847
40.651145	-3.510735
40.652968	-3.510812
40.655127	-3.510812
40.657322	-3.510820
40.659395	-3.510808
40.661315	-3.510813
40.663392	-3.510798
40.665643	-3.510793
40.667970	-3.510787
40.670367	-3.510778
40.672592	-3.510777
40.674005	-3.510475
40.675380	-3.510777
40.677063	-3.510762
40.678845	-3.510773
40.680798	-3.510735
40.682942	-3.510732
40.685180	-3.510727
40.687362	-3.510715
40.688867	-3.510693
40.690312	-3.510673
40.691620	-3.510663
40.692948	-3.510648
40.693762	-3.510653
40.694780	-3.510552
40.695990	-3.510062
40.697127	-3.509825
40.698393	-3.509662
40.700013	-3.509552
40.701637	-3.509467
40.702633	-3.509218
40.703798	-3.509913
40.705377	-3.510082
40.706998	-3.509957
40.708992	-3.509813
40.711157	-3.509648
40.713422	-3.509795
40.715603	-3.510125
40.717823	-3.510435
40.719872	-3.510762
40.721900	-3.511568
40.724135	-3.511638
40.726333	-3.511283
40.728475	-3.510837
40.730653	-3.510453
40.732768	-3.510225
40.734953	-3.510097
40.736945	-3.509727
40.738040	-3.509360
40.738770	-3.509300
40.740185	-3.508997
40.741737	-3.508645
40.742582	-3.508312
40.743550	-3.508202
40.744378	-3.508020
40.745378	-3.507830
40.746380	-3.507732
40.746877	-3.507708
40.748345	-3.507458
40.749972	-3.507225
40.751243	-3.507017
40.752498	-3.506822
40.753972	-3.506630
40.755760	-3.506395
40.757748	-3.506112
40.759902	-3.505785
40.761983	-3.505487
40.763647	-3.505262
40.764033	-3.505178
40.764508	-3.505670
40.765558	-3.506985
40.766610	-3.508287
40.767290	-3.508827
40.768165	-3.510272
40.769590	-3.512050
40.771098	-3.514133
40.772127	-3.516305
40.773107	-3.518413
40.773943	-3.520712
40.774738	-3.522953
40.775600	-3.525358
40.776860	-3.527562
40.778730	-3.529055
40.780915	-3.529855
40.783147	-3.530637
40.785375	-3.531418
40.787565	-3.532195
40.789558	-3.533190
40.791635	-3.534002
40.793712	-3.534693
40.795792	-3.535370
40.797773	-3.536012
40.800043	-3.536755
40.802260	-3.537498
40.804470	-3.538233
40.806545	-3.538918
40.808443	-3.539520
40.810120	-3.539582
40.812025	-3.539097
40.813823	-3.538612
40.815228	-3.538255
40.816513	-3.537915
40.818088	-3.537513
40.819443	-3.537155
40.820688	-3.537085
40.821782	-3.537508
40.822557	-3.537810
40.823417	-3.538143
40.823982	-3.538350
40.823973	-3.538355
40.823980	-3.538350
40.823982	-3.538352
40.823980	-3.538347
40.823980	-3.538343
40.823985	-3.538335
40.823988	-3.538333
40.823988	-3.538332
40.824612	-3.538538
40.825557	-3.538595
40.826275	-3.538423
40.826493	-3.538313
40.826588	-3.537465
40.827073	-3.536175
40.827405	-3.535157
40.827287	-3.534337
40.827495	-3.532948
40.827677	-3.531225
40.828285	-3.529682
40.829075	-3.527925
40.830193	-3.525953
40.831595	-3.523638
40.833082	-3.521472
40.834887	-3.519845
40.836285	-3.517510
40.837500	-3.514895
40.838642	-3.512222
40.839643	-3.509845
40.840615	-3.507238
40.841498	-3.505270
40.842247	-3.503630
40.843163	-3.501605
40.844063	-3.499260
40.845272	-3.497150
40.846787	-3.495240
40.848365	-3.493237
40.849960	-3.491225
40.851230	-3.489625
40.852043	-3.488593
40.852632	-3.487847
40.853285	-3.487025
40.853907	-3.486223
40.854670	-3.485257
40.855282	-3.484493
40.855993	-3.483602
40.856768	-3.482623
40.857730	-3.481405
40.858875	-3.479950
40.859675	-3.478945
40.860808	-3.477515
40.862227	-3.475730
40.863642	-3.473937
40.865023	-3.472565
40.866205	-3.470548
40.867517	-3.468218
40.868697	-3.465992
40.869762	-3.463605
40.870927	-3.461267
40.872072	-3.459050
40.873152	-3.456928
40.874165	-3.454355
40.875203	-3.451892
40.876383	-3.449672
40.877278	-3.447455
40.878037	-3.445363
40.878642	-3.443753
40.879963	-3.443240
40.881045	-3.444850
40.880452	-3.447237
40.879345	-3.449102
40.878120	-3.450977
40.878625	-3.452130
40.879892	-3.453522
40.881072	-3.454608
40.882292	-3.455222
40.883842	-3.454598
40.885067	-3.454537
40.886683	-3.455802
40.888220	-3.457318
40.889768	-3.458408
40.891165	-3.458430
40.892430	-3.459670
40.893247	-3.460638
40.894560	-3.461245
40.895387	-3.462955
40.895082	-3.464235
40.896372	-3.464915
40.897352	-3.466322
40.898307	-3.466005
40.899452	-3.465700
40.900758	-3.466102
40.902328	-3.465962
40.904553	-3.466830
40.904953	-3.468740
40.904582	-3.470397
40.906138	-3.470350
40.907788	-3.468555
40.909243	-3.466932
40.910048	-3.467272
40.909105	-3.469495
40.908538	-3.471443
40.908177	-3.472410
40.908190	-3.472445
40.908188	-3.472443
40.908187	-3.472430
40.908188	-3.472427
40.908190	-3.472425
40.908193	-3.472427
40.908195	-3.472427
40.908195	-3.472423
40.908195	-3.472422
40.908195	-3.472422
40.908197	-3.472420
40.908197	-3.472420
40.908198	-3.472418
40.908198	-3.472418
40.908200	-3.472420
40.908200	-3.472420
40.908202	-3.472420
40.908200	-3.472420
40.908200	-3.472420
40.908200	-3.472420
40.908200	-3.472422
40.908202	-3.472422
40.908202	-3.472420
40.908200	-3.472420
40.908200	-3.472418
40.908200	-3.472418
40.908200	-3.472418
40.908200	-3.472418
40.908200	-3.472418
40.908200	-3.472417
40.908200	-3.472417
40.908177	-3.472323
40.908162	-3.472312
40.908142	-3.472342
40.908135	-3.472377
40.907532	-3.473232
40.906635	-3.474733
40.905947	-3.476548
40.904410	-3.476657
40.904362	-3.479050
40.903823	-3.481353
40.904340	-3.483410
40.904740	-3.482043
40.904212	-3.481420
40.904187	-3.481432
40.904182	-3.481432
40.904782	-3.481913
40.904933	-3.483508
40.903508	-3.483425
40.902513	-3.482117
40.901070	-3.483147
40.900378	-3.484897
40.901198	-3.485590
40.901652	-3.486997
40.899983	-3.487515
40.899557	-3.489410
40.898710	-3.491278
40.897953	-3.493053
40.897090	-3.494805
40.896440	-3.495930
40.897460	-3.496235
40.899577	-3.497080
40.899350	-3.498620
40.897530	-3.500033
40.896358	-3.500980
40.895052	-3.502250
40.893817	-3.503642
40.892357	-3.505152
40.890755	-3.506357
40.890087	-3.508142
40.888598	-3.508375
40.887500	-3.510318
40.887158	-3.512298
40.885805	-3.512273
40.884297	-3.513505
40.883075	-3.514670
40.882340	-3.516822
40.881047	-3.517687
40.879453	-3.519325
40.877920	-3.520517
40.876477	-3.521758
40.874825	-3.522738
40.872978	-3.523840
40.871955	-3.524507
40.871320	-3.525527
40.872015	-3.526377
40.873950	-3.526412
40.874383	-3.527505
40.873777	-3.528980
40.875788	-3.529373
40.876580	-3.531782
40.876877	-3.534193
40.875888	-3.536398
40.874872	-3.537958
40.872888	-3.538907
40.871317	-3.539595
40.870055	-3.539837
40.869020	-3.540833
40.867997	-3.541567
40.866655	-3.542445
40.866120	-3.543620
40.866285	-3.544618
40.866535	-3.544957
40.866597	-3.545022
40.866595	-3.545023
40.866595	-3.545023
40.866593	-3.545018
40.866593	-3.545020
40.866593	-3.545025
40.866590	-3.545025
40.866590	-3.545027
40.866592	-3.545030
40.866592	-3.545032
40.866720	-3.545092
40.866722	-3.545090
40.866883	-3.545125
40.868202	-3.545087
40.869595	-3.545492
40.870837	-3.547015
40.872108	-3.549272
40.873565	-3.550468
40.875185	-3.551285
40.876077	-3.553785
40.878132	-3.554843
40.880325	-3.554878
40.882032	-3.554943
40.883623	-3.555855
40.885307	-3.556727
40.886190	-3.558037
40.886727	-3.558833
40.887187	-3.559703
40.887750	-3.560822
40.888150	-3.561242
40.888493	-3.560740
40.888965	-3.560010
40.889747	-3.559485
40.890203	-3.558655
40.891022	-3.558218
40.892427	-3.558032
40.893502	-3.556897
40.894543	-3.556052
40.895785	-3.555235
40.896595	-3.553493
40.898097	-3.552958
40.899012	-3.554503
40.899808	-3.556463
40.900862	-3.558455
40.902013	-3.560135
40.903848	-3.560943
40.905503	-3.560705
40.907317	-3.560312
40.909045	-3.561418
40.911117	-3.561703
40.913107	-3.560982
40.914923	-3.560148
40.916812	-3.559388
40.918767	-3.559428
40.920777	-3.559988
40.922653	-3.560758
40.924370	-3.561678
40.925890	-3.563228
40.927542	-3.564768
40.929222	-3.566332
40.930718	-3.567725
40.932457	-3.569175
40.934545	-3.570423
40.936518	-3.571502
40.947372	-3.566048
40.947978	-3.565210
40.949253	-3.564860
40.950533	-3.564767
40.950250	-3.563412
40.948868	-3.563110
40.947865	-3.563993
40.947455	-3.563390
40.947295	-3.562455
40.947895	-3.561505
40.947353	-3.560178
40.945680	-3.558950
40.944782	-3.556922
40.943395	-3.555627
40.942315	-3.553970
40.943520	-3.551640
40.943322	-3.549437
40.941155	-3.549212
40.939935	-3.546927
40.938643	-3.544563
40.937638	-3.542455
40.935753	-3.541607
40.934053	-3.541170
40.932353	-3.539428
40.930885	-3.537620
40.929877	-3.536093
40.929718	-3.535258
40.929750	-3.535228
40.929753	-3.535233
40.929755	-3.535235
40.929785	-3.535190
40.930833	-3.534890
40.932277	-3.535327
40.933405	-3.537513
40.935177	-3.538228
40.936895	-3.536805
40.937795	-3.534850
40.939768	-3.534030
40.941385	-3.532137
40.942790	-3.529967
40.944750	-3.528612
40.945495	-3.526735
40.947333	-3.525252
40.949405	-3.524760
40.950265	-3.524695
40.950412	-3.524617
40.950490	-3.524592
40.950490	-3.524592
40.950490	-3.524595
40.950490	-3.524595
40.950492	-3.524595
40.950490	-3.524593
40.950490	-3.524595
40.950607	-3.524542
40.951103	-3.524032
40.950508	-3.523540
40.950385	-3.522382
40.950652	-3.520828
40.949823	-3.519733
40.949085	-3.518693
40.948200	-3.517483
40.947377	-3.516132
40.947732	-3.515112
40.948473	-3.513922
40.949390	-3.512902
40.949875	-3.511663
40.949445	-3.510832
40.949122	-3.510472
40.949847	-3.510317
40.951068	-3.510138
40.952225	-3.509433
40.953515	-3.509123
40.954950	-3.508852
40.956277	-3.508430
40.957550	-3.508068
40.958920	-3.507825
40.960278	-3.507358
40.961548	-3.506860
40.962630	-3.506322
40.963678	-3.505503
40.964383	-3.504228
40.965273	-3.503118
40.966217	-3.502293
40.967348	-3.501817
40.967558	-3.500572
40.968537	-3.499660
40.969438	-3.498660
40.970382	-3.497985
40.970742	-3.496465
40.971140	-3.494940
40.971718	-3.493970
40.972932	-3.493595
40.974033	-3.493717
40.975118	-3.493713
40.976290	-3.493248
40.977218	-3.493707
40.977475	-3.494860
40.978085	-3.494878
40.978877	-3.493973
40.979753	-3.494542
40.980608	-3.494360
40.981455	-3.493985
40.982400	-3.493915
40.981660	-3.493482
40.980942	-3.493085
40.979885	-3.492995
40.978867	-3.492205
40.978708	-3.491183
40.978265	-3.490940
40.977452	-3.490703
40.976875	-3.490175
40.976710	-3.488940
40.976623	-3.487302
40.975522	-3.486655
40.975197	-3.486472
40.975035	-3.485990
40.974978	-3.485657
40.974962	-3.485640
40.974993	-3.485155
40.975317	-3.483865
40.976750	-3.483342
40.977165	-3.482717
40.975965	-3.481918
40.975412	-3.480443
40.975532	-3.479168
40.974560	-3.477928
40.973285	-3.477177
40.972647	-3.476192
40.972983	-3.475098
40.974263	-3.473435
40.975245	-3.471380
40.976822	-3.470848
40.978720	-3.469760
40.980152	-3.468678
40.981157	-3.468127
40.981493	-3.467763
40.980552	-3.466128
40.980780	-3.465125
40.982463	-3.464372
40.984307	-3.464203
40.986090	-3.464637
40.985928	-3.463818
40.984813	-3.462433
40.985757	-3.461112
40.984470	-3.460920
40.983105	-3.461538
40.981605	-3.460915
40.980782	-3.460945
40.980727	-3.460912
40.980735	-3.460910
40.980733	-3.460907
40.980732	-3.460913
40.980730	-3.460913
40.980732	-3.460912
40.980732	-3.460910
40.980732	-3.460907
40.980733	-3.460905
40.980733	-3.460902
40.980733	-3.460902
40.980735	-3.460900
40.980733	-3.460900
40.980735	-3.460900
40.980735	-3.460898
40.980735	-3.460897
40.980735	-3.460897
40.980737	-3.460895
40.980738	-3.460895
40.980738	-3.460895
40.980738	-3.460893
40.980740	-3.460893
40.980740	-3.460893
40.980740	-3.460893
40.980742	-3.460893
40.980742	-3.460893
40.980742	-3.460892
40.980743	-3.460892
40.980743	-3.460892
40.980743	-3.460892
40.980743	-3.460892
40.980743	-3.460892
40.980793	-3.460907
40.980778	-3.460905
40.980777	-3.460890
40.980773	-3.460885
40.980673	-3.460513
40.979795	-3.459837
40.978542	-3.458828
40.979013	-3.457613
40.978633	-3.456703
40.977427	-3.455945
40.977782	-3.455015
40.978553	-3.453868
40.977532	-3.452893
40.977832	-3.451742
40.978900	-3.451290
40.980267	-3.451532
40.980780	-3.450635
40.981407	-3.449447
40.980590	-3.448117
40.980375	-3.446507
40.980688	-3.445002
40.981938	-3.444942
40.983138	-3.443897
40.983947	-3.443587
40.984912	-3.444663
40.986358	-3.444172
40.987387	-3.444312
40.988640	-3.443593
40.989892	-3.444545
40.990545	-3.443970
40.991745	-3.443792
40.992768	-3.442892
40.993903	-3.442098
40.994953	-3.442310
40.995488	-3.441910
40.997618	-3.441485
40.998060	-3.440687
40.999068	-3.441355
40.999982	-3.441612
41.000615	-3.441437
41.001700	-3.441400
41.003092	-3.441065
41.004395	-3.441267
41.005227	-3.441780
41.006255	-3.442555
41.007553	-3.443192
41.008938	-3.443820
41.009903	-3.444182
41.010617	-3.444147
41.011138	-3.443857
41.011428	-3.444333
41.011705	-3.444608
41.011712	-3.444610
41.011722	-3.444615
41.011535	-3.444880
41.011352	-3.445355
41.011790	-3.445540
41.012423	-3.445623
41.012863	-3.445645
41.012778	-3.446348
41.012787	-3.446662
41.012792	-3.446720
41.012795	-3.446722
41.012800	-3.446723
41.012803	-3.446725
41.012803	-3.446727
41.012857	-3.447265
41.013622	-3.448520
41.014487	-3.449925
41.015210	-3.451427
41.015472	-3.452537
41.016028	-3.452090
41.016017	-3.453030
41.016638	-3.454400
41.017368	-3.456232
41.019262	-3.457470
41.020755	-3.459418
41.022450	-3.459998
41.024245	-3.461337
41.026293	-3.463162
41.028070	-3.464242
41.029385	-3.464392
41.030500	-3.466482
41.031143	-3.468187
41.031270	-3.468888
41.029555	-3.468192
41.028600	-3.467228
41.029365	-3.468882
41.031160	-3.470768
41.032423	-3.472452
41.033837	-3.473048
41.035663	-3.474257
41.037430	-3.474325
41.038538	-3.473553
41.037995	-3.471383
41.036740	-3.469855
41.036205	-3.467320
41.034940	-3.465613
41.035683	-3.465873
41.037382	-3.467388
41.038658	-3.469142
41.038265	-3.467573
41.037945	-3.466513
41.039450	-3.467740
41.040585	-3.469257
41.040450	-3.468573
41.040192	-3.467723
41.041653	-3.469975
41.042878	-3.471498
41.042372	-3.473147
41.042847	-3.475215
41.042638	-3.477658
41.041307	-3.479483
41.040438	-3.480070
41.040392	-3.480072
41.040395	-3.480075
41.040398	-3.480073
41.040402	-3.480073
41.040397	-3.480073
41.040022	-3.480148
41.040033	-3.480142
41.040037	-3.480140
41.040033	-3.480135
41.040033	-3.480135
41.040033	-3.480133
41.040030	-3.480130
41.040030	-3.480130
41.040032	-3.480128
41.040033	-3.480127
41.040033	-3.480125
41.040033	-3.480125
41.040032	-3.480125
41.040032	-3.480125
41.040032	-3.480127
41.040032	-3.480127
41.040032	-3.480127
41.040033	-3.480127
41.040032	-3.480127
41.040032	-3.480127
41.040033	-3.480127
41.040033	-3.480128
41.040033	-3.480130
41.040033	-3.480130
41.040032	-3.480130
41.040032	-3.480128
41.040033	-3.480128
41.040033	-3.480128
41.040033	-3.480127
41.040032	-3.480125
41.040030	-3.480127
41.040030	-3.480125
41.040083	-3.480155
41.040058	-3.480200
41.039282	-3.480735
41.038402	-3.481842
41.037687	-3.483608
41.037505	-3.484087
41.038463	-3.482803
41.040028	-3.481802
41.041652	-3.482040
41.043275	-3.482760
41.044612	-3.481925
41.045918	-3.480333
41.047672	-3.478802
41.049407	-3.477235
41.051225	-3.476400
41.052420	-3.477073
41.053312	-3.478253
41.053525	-3.478555
41.052415	-3.478348
41.051283	-3.478830
41.049787	-3.480140
41.048850	-3.481968
41.047930	-3.484048
41.047107	-3.486462
41.045617	-3.487680
41.044453	-3.489243
41.043948	-3.490383
41.044045	-3.491535
41.044990	-3.490203
41.046620	-3.490103
41.048112	-3.490553
41.048828	-3.491182
41.048583	-3.493198
41.049183	-3.495713
41.049995	-3.498208
41.050048	-3.500790
41.050097	-3.503005
41.051085	-3.505238
41.051705	-3.507340
41.051238	-3.510177
41.050772	-3.513038
41.050548	-3.515827
41.050645	-3.518537
41.049838	-3.520988
41.048848	-3.523485
41.048227	-3.525742
41.046935	-3.527033
41.045362	-3.528453
41.044900	-3.530552
41.044802	-3.532732
41.044482	-3.534627
41.044122	-3.535912
41.043958	-3.537192
41.043967	-3.538542
41.043832	-3.539683
41.043780	-3.539923
41.043783	-3.539922
41.043785	-3.539922
41.043667	-3.539970
41.043277	-3.540638
41.042937	-3.540683
41.041892	-3.540732
41.040800	-3.540452
41.039158	-3.540502
41.037438	-3.540783
41.036310	-3.542330
41.035863	-3.544192
41.035338	-3.544930
41.035217	-3.544043
41.034665	-3.543703
41.033657	-3.544833
41.033167	-3.546018
41.032453	-3.548008
41.030837	-3.548760
41.029052	-3.550070
41.026862	-3.550782
41.025630	-3.551773
41.025212	-3.552345
41.024542	-3.552943
41.022475	-3.554980
41.020453	-3.557007
41.017977	-3.557802
41.015435	-3.559050
41.013092	-3.560512
41.011237	-3.561668
41.010158	-3.562338
41.010135	-3.562488
41.010133	-3.562487
41.010135	-3.562485
41.010133	-3.562485
41.010132	-3.562483
41.010130	-3.562483
41.010130	-3.562483
41.010128	-3.562483
41.010128	-3.562483
41.010112	-3.562493
41.010008	-3.562443
41.009705	-3.562525
41.008488	-3.562752
41.007450	-3.561813
41.006315	-3.561195
41.005332	-3.561123
41.004678	-3.560962
41.004797	-3.559693
41.005203	-3.558148
41.004208	-3.558293
41.003247	-3.557408
41.002480	-3.555413
41.001152	-3.553792
40.999890	-3.551838
40.998635	-3.550943
40.997875	-3.548683
40.996948	-3.546598
40.996025	-3.543593
40.995118	-3.540552
40.993505	-3.538822
40.991787	-3.537588
40.991623	-3.535897
40.990370	-3.535880
40.989865	-3.535333
40.990088	-3.533807
40.988923	-3.534140
40.987933	-3.533522
40.986502	-3.532898
40.985160	-3.531965
40.983340	-3.530743
40.981650	-3.529918
40.980985	-3.527982
40.980752	-3.525873
40.978997	-3.526288
40.977663	-3.525558
40.976490	-3.525180
40.975917	-3.525002
40.975522	-3.524365
40.975250	-3.523787
40.975207	-3.523718
40.975190	-3.523738
40.975183	-3.523742
40.975180	-3.523737
40.975157	-3.523763
40.975142	-3.523772
40.975145	-3.523772
40.975150	-3.523770
40.975152	-3.523772
40.975152	-3.523765
40.975152	-3.523760
40.975150	-3.523758
40.975148	-3.523755
40.975145	-3.523752
40.975145	-3.523750
40.975143	-3.523747
40.975140	-3.523743
40.975135	-3.523742
40.975132	-3.523742
40.975128	-3.523740
40.975125	-3.523740
40.975122	-3.523740
40.975118	-3.523738
40.975117	-3.523737
40.975113	-3.523737
40.975110	-3.523737
40.975107	-3.523737
40.975103	-3.523737
40.975103	-3.523735
40.975102	-3.523735
40.975102	-3.523737
40.975100	-3.523735
40.975100	-3.523735
40.975098	-3.523735
40.975097	-3.523735
40.975212	-3.523657
40.975195	-3.523662
40.975180	-3.523672
40.975162	-3.523682
40.975150	-3.523687
40.975148	-3.523688
40.975148	-3.523690
40.975147	-3.523695
40.975147	-3.523698
40.975148	-3.523700
40.975148	-3.523703
40.975147	-3.523705
40.975143	-3.523708
40.975143	-3.523708
40.975143	-3.523710
40.975142	-3.523712
40.975142	-3.523712
40.975142	-3.523712
40.975143	-3.523708
40.975145	-3.523707
40.975147	-3.523705
40.975145	-3.523705
40.975140	-3.523707
40.975135	-3.523710
40.975132	-3.523712
40.975130	-3.523713
40.975127	-3.523715
40.975123	-3.523718
40.975123	-3.523718
40.975125	-3.523717
40.975127	-3.523713
40.975017	-3.523708
40.974992	-3.523735
40.974995	-3.523730
40.974998	-3.523777
40.975265	-3.524138
40.975535	-3.524902
40.976115	-3.525243
40.976843	-3.525530
40.978138	-3.525860
40.979513	-3.526473
40.980823	-3.526018
40.981067	-3.527970
40.981383	-3.529943
40.983075	-3.530630
40.984777	-3.531485
40.986003	-3.532850
40.987327	-3.532795
40.988340	-3.534123
40.989617	-3.533733
40.990133	-3.534518
40.990050	-3.535888
40.991173	-3.535840
40.991743	-3.537130
40.992952	-3.538452
40.994508	-3.539548
40.995443	-3.541500
40.996168	-3.544002
40.996925	-3.546533
40.997953	-3.548845
40.998810	-3.551292
41.000103	-3.552093
41.001337	-3.554037
41.002822	-3.555433
41.003628	-3.557295
41.004205	-3.558368
41.005207	-3.558037
41.004848	-3.559645
41.004782	-3.560895
41.005138	-3.561428
41.006257	-3.561308
41.007542	-3.561895
41.008667	-3.562883
41.009907	-3.562457
41.010162	-3.563463
41.009017	-3.564470
41.007538	-3.565435
41.005872	-3.566240
41.004143	-3.566838
41.002372	-3.568413
41.001072	-3.569973
40.999657	-3.569520
40.997813	-3.569092
40.995878	-3.569367
40.994728	-3.570190
40.994367	-3.570457
40.994367	-3.570472
40.994367	-3.570480
40.994370	-3.570480
40.993958	-3.570455
40.993672	-3.570998
40.993157	-3.571403
40.992593	-3.571557
40.991978	-3.571465
40.991058	-3.571775
40.990357	-3.572487
40.989703	-3.573847
40.988248	-3.575070
40.986438	-3.575855
40.984682	-3.576805
40.983365	-3.577092
40.981817	-3.577495
40.980363	-3.578918
40.978892	-3.580240
40.977707	-3.582280
40.977703	-3.584548
40.976748	-3.586178
40.975552	-3.587393
40.973842	-3.587637
40.972222	-3.587237
40.970338	-3.586655
40.969410	-3.587525
40.968932	-3.587740
40.968462	-3.587992
40.967597	-3.588668
40.966843	-3.588817
40.967033	-3.589958
40.967270	-3.591557
40.966883	-3.593717
40.965852	-3.595875
40.964663	-3.598075
40.963503	-3.600363
40.962827	-3.602988
40.962220	-3.605277
40.960518	-3.606848
40.958953	-3.608517
40.958852	-3.610032
40.958288	-3.610990
40.957807	-3.611832
40.957012	-3.612180
40.956125	-3.612668
40.955163	-3.613128
40.953728	-3.613705
40.952103	-3.614982
40.950365	-3.616425
40.948878	-3.617400
40.948278	-3.619317
40.947368	-3.621253
40.946005	-3.620815
40.944778	-3.619847
40.943122	-3.619888
40.941603	-3.619140
40.939937	-3.619498
40.939033	-3.620980
40.937622	-3.621633
40.936060	-3.622083
40.934472	-3.622252
40.933252	-3.622970
40.933205	-3.623578
40.933498	-3.624398
40.933767	-3.625218
40.934733	-3.626095
40.936107	-3.627037
40.937727	-3.627962
40.939562	-3.629307
40.941272	-3.629885
40.942210	-3.630538
40.942295	-3.632207
40.942467	-3.632722
40.942470	-3.632715
40.942472	-3.632712
40.942473	-3.632710
40.942475	-3.632708
40.942475	-3.632707
40.942473	-3.632708
40.942472	-3.632707
40.942472	-3.632705
40.942472	-3.632703
40.942470	-3.632702
40.942468	-3.632700
40.942477	-3.632735
40.942738	-3.633963
40.943453	-3.636072
40.944112	-3.638638
40.944807	-3.641295
40.946053	-3.643673
40.947567	-3.645718
40.949203	-3.646345
40.948557	-3.648305
40.947038	-3.650302
40.945193	-3.651970
40.943372	-3.653568
40.942493	-3.655483
40.942032	-3.657718
40.942442	-3.659317
40.942992	-3.660797
40.943698	-3.662530
40.944293	-3.664393
40.944578	-3.666772
40.944880	-3.669283
40.945170	-3.671792
40.945262	-3.674100
40.944682	-3.676410
40.944250	-3.678892
40.943812	-3.681428
40.943392	-3.684037
40.943917	-3.686458
40.943782	-3.688752
40.943177	-3.691397
40.942550	-3.694207
40.942258	-3.697088
40.942072	-3.699448
40.941887	-3.701742
40.941770	-3.704495
40.941813	-3.706250
40.942315	-3.707747
40.943168	-3.709805
40.943755	-3.712092
40.943057	-3.714260
40.943012	-3.716575
40.944020	-3.718577
40.944270	-3.720897
40.944525	-3.723305
40.944762	-3.725407
40.945010	-3.727883
40.945427	-3.730362
40.946082	-3.732777
40.946745	-3.735183
40.947083	-3.737717
40.946805	-3.740305
40.946645	-3.742855
40.946755	-3.745537
40.946872	-3.748255
40.946882	-3.751190
40.946757	-3.753865
40.946665	-3.756255
40.946753	-3.759020
40.947105	-3.761310
40.947735	-3.763178
40.948123	-3.764753
40.948072	-3.767438
40.949275	-3.769642
40.949350	-3.772170
40.948905	-3.774605
40.949752	-3.776245
40.951287	-3.776000
40.952748	-3.774817
40.954312	-3.774975
40.955485	-3.777585
40.956273	-3.780418
40.955748	-3.783292
40.955398	-3.784127
40.955350	-3.784135
40.955320	-3.784108
40.955317	-3.784097
40.955317	-3.784095
40.955317	-3.784093
40.955317	-3.784108
40.955315	-3.784115
40.955310	-3.784125
40.955305	-3.784128
40.955300	-3.784128
40.955302	-3.784122
40.955303	-3.784118
40.955305	-3.784117
40.955303	-3.784115
40.955302	-3.784113
40.955302	-3.784112
40.955300	-3.784112
40.955298	-3.784115
40.955298	-3.784117
40.955298	-3.784115
40.955297	-3.784113
40.955297	-3.784112
40.955295	-3.784108
40.955293	-3.784107
40.955293	-3.784105
40.955295	-3.784103
40.955297	-3.784103
40.955297	-3.784103
40.955297	-3.784105
40.955297	-3.784102
40.955298	-3.784102
40.955298	-3.784102
40.955297	-3.784100
40.955297	-3.784100
40.955295	-3.784100
40.955313	-3.783980
40.955270	-3.783928
40.955277	-3.783967
40.955080	-3.784157
40.954478	-3.785310
40.953498	-3.786647
40.952158	-3.787178
40.951247	-3.787448
40.949988	-3.787877
40.949130	-3.789435
40.949265	-3.790438
40.949752	-3.791427
40.949542	-3.792105
40.948545	-3.792547
40.947380	-3.793717
40.946212	-3.795540
40.945998	-3.797682
40.946737	-3.799960
40.947660	-3.801990
40.946762	-3.804517
40.945347	-3.806678
40.943480	-3.808240
40.941437	-3.809470
40.939685	-3.811140
40.938693	-3.813717
40.937615	-3.816298
40.936202	-3.818428
40.935255	-3.820892
40.934510	-3.823123
40.933968	-3.825758
40.933665	-3.828618
40.932353	-3.830528
40.930490	-3.831587
40.928788	-3.833043
40.927528	-3.835518
40.926172	-3.838138
40.924745	-3.840312
40.923067	-3.842228
40.922085	-3.844212
40.921757	-3.846502
40.920645	-3.848702
40.919140	-3.850977
40.917848	-3.852977
40.917020	-3.854820
40.916335	-3.856738
40.915420	-3.858945
40.914373	-3.861272
40.913575	-3.863738
40.912947	-3.866363
40.911137	-3.867927
40.909907	-3.870053
40.909007	-3.872465
40.908223	-3.874332
40.907427	-3.875477
40.906765	-3.876412
40.906140	-3.877277
40.905667	-3.877723
40.905380	-3.877903
40.905418	-3.877415
40.905535	-3.876537
40.905545	-3.875035
40.905342	-3.872903
40.905037	-3.870098
40.904682	-3.867242
40.903975	-3.865232
40.903893	-3.865005
40.903613	-3.864333
40.903485	-3.864007
40.903463	-3.864017
40.903460	-3.864033
40.903475	-3.864037
40.903480	-3.864027
40.903482	-3.864018
40.903483	-3.864013
40.903483	-3.864012
40.903480	-3.864012
40.903482	-3.864008
40.903482	-3.864007
40.903482	-3.864007
40.903482	-3.864005
40.903480	-3.864007
40.903480	-3.864008
40.903480	-3.864012
40.903480	-3.864013
40.903480	-3.864013
40.903480	-3.864012
40.903477	-3.864010
40.903522	-3.864075
40.903540	-3.864115
40.903542	-3.864118
40.903542	-3.864117
40.903545	-3.864112
40.903555	-3.864158
40.904292	-3.865867
40.904778	-3.868195
40.905148	-3.870822
40.905458	-3.873437
40.905622	-3.875547
40.905563	-3.877005
40.905405	-3.877820
40.905150	-3.878402
40.904730	-3.878858
40.904277	-3.879177
40.903942	-3.879498
40.903790	-3.879600
40.903633	-3.879415
40.903277	-3.878940
40.902952	-3.878423
40.902477	-3.878280
40.901895	-3.878280
40.901045	-3.878852
40.900100	-3.879698
40.898980	-3.880190
40.897720	-3.880315
40.896322	-3.880150
40.894840	-3.880670
40.893587	-3.882128
40.892465	-3.883478
40.891077	-3.884727
40.889562	-3.885298
40.888442	-3.886115
40.887402	-3.886810
40.886343	-3.887213
40.885203	-3.887187
40.884062	-3.886905
40.882863	-3.886633
40.881917	-3.885712
40.880660	-3.884512
40.879277	-3.883515
40.877662	-3.882313
40.875973	-3.881102
40.874823	-3.881283
40.873677	-3.882635
40.872493	-3.883397
40.871162	-3.883687
40.869025	-3.884035
40.866585	-3.884427
40.864317	-3.884735
40.862032	-3.885052
40.859662	-3.885400
40.857372	-3.885667
40.855168	-3.885997
40.853073	-3.886283
40.851148	-3.886477
40.849190	-3.886040
40.847213	-3.886068
40.845847	-3.887787
40.844543	-3.889213
40.843208	-3.891047
40.841960	-3.892162
40.841058	-3.891957
40.840130	-3.893223
40.838912	-3.895060
40.837673	-3.896832
40.836610	-3.898795
40.835545	-3.900665
40.834635	-3.902667
40.834048	-3.905132
40.833962	-3.907648
40.834137	-3.909847
40.834728	-3.911143
40.835543	-3.911805
40.835760	-3.912947
40.834687	-3.912935
40.833540	-3.912863
40.833133	-3.914262
40.832910	-3.916043
40.831928	-3.917435
40.830862	-3.918347
40.830752	-3.919922
40.831428	-3.921387
40.831655	-3.922600
40.832038	-3.924987
40.832045	-3.926382
40.831648	-3.927855
40.830957	-3.929182
40.830360	-3.930038
40.830597	-3.931130
40.831182	-3.932282
40.832185	-3.933705
40.832850	-3.935452
40.833183	-3.936393
40.831898	-3.935968
40.830708	-3.935340
40.829610	-3.935255
40.828795	-3.936257
40.828782	-3.937778
40.828067	-3.938172
40.827803	-3.939595
40.827025	-3.942325
40.827378	-3.945228
40.826838	-3.946278
40.825072	-3.945553
40.823927	-3.945810
40.822743	-3.947788
40.821595	-3.949838
40.821542	-3.952700
40.823120	-3.952317
40.823838	-3.954100
40.823280	-3.955903
40.823128	-3.957687
40.823358	-3.959653
40.823340	-3.962198
40.823333	-3.962580
40.823332	-3.962573
40.823325	-3.962570
40.823325	-3.962568
40.823325	-3.962572
40.823325	-3.962575
40.823327	-3.962570
40.823328	-3.962565
40.823330	-3.962562
40.823332	-3.962562
40.823330	-3.962560
40.823328	-3.962558
40.823328	-3.962558
40.823330	-3.962557
40.823327	-3.962558
40.823327	-3.962562
40.823327	-3.962562
40.823327	-3.962562
40.823328	-3.962562
40.823330	-3.962560
40.823330	-3.962560
40.823328	-3.962558
40.823327	-3.962557
40.823325	-3.962557
40.823325	-3.962558
40.823327	-3.962558
40.823327	-3.962555
40.823327	-3.962555
40.823327	-3.962555
40.823325	-3.962553
40.823325	-3.962553
40.823325	-3.962553
40.823153	-3.962750
40.822598	-3.963693
40.821892	-3.964637
40.820945	-3.966077
40.819215	-3.967118
40.817620	-3.968163
40.815932	-3.967622
40.814682	-3.969342
40.813623	-3.970633
40.813447	-3.972853
40.813885	-3.974538
40.814562	-3.975735
40.813313	-3.977383
40.811610	-3.977597
40.811147	-3.979748
40.810222	-3.981830
40.808117	-3.981252
40.806438	-3.979858
40.804785	-3.980165
40.803472	-3.981805
40.801913	-3.983890
40.800877	-3.985777
40.798875	-3.985848
40.797602	-3.985145
40.796417	-3.985315
40.796507	-3.985345
40.796587	-3.985350
40.796152	-3.986048
40.795447	-3.987897
40.793540	-3.986945
40.792855	-3.989028
40.792403	-3.990572
40.793178	-3.992353
40.794478	-3.993967
40.793848	-3.996218
40.792110	-3.997135
40.790830	-3.997452
40.790410	-3.999430
40.789825	-4.001143
40.789332	-4.002580
40.788978	-4.003498
40.788882	-4.003582
40.788447	-4.003330
40.787637	-4.002740
40.786563	-4.001982
40.785998	-4.000570
40.784762	-4.000822
40.783660	-4.002077
40.782213	-4.002252
40.781167	-4.001450
40.779987	-4.002667
40.778922	-4.004283
40.777203	-4.004970
40.775757	-4.005850
40.775687	-4.005928
40.775718	-4.005912
40.775718	-4.005912
40.775712	-4.005903
40.775712	-4.005903
40.775713	-4.005897
40.775715	-4.005895
40.775717	-4.005897
40.775720	-4.005888
40.775718	-4.005882
40.775718	-4.005882
40.775715	-4.005882
40.775713	-4.005882
40.775713	-4.005882
40.775712	-4.005882
40.775708	-4.005880
40.775710	-4.005880
40.775710	-4.005882
40.775712	-4.005883
40.775713	-4.005883
40.775715	-4.005882
40.775453	-4.005890
40.773805	-4.006770
40.772200	-4.007295
40.770498	-4.008118
40.768140	-4.009692
40.766005	-4.010158
40.764490	-4.009938
40.763130	-4.011145
40.762233	-4.013048
40.760718	-4.013607
40.759300	-4.013922
40.758203	-4.014578
40.757315	-4.016552
40.756800	-4.018720
40.756090	-4.020610
40.755065	-4.021223
40.754770	-4.019975
40.753812	-4.018850
40.752628	-4.018253
40.751828	-4.017538
40.750770	-4.017285
40.749605	-4.017957
40.748703	-4.019383
40.747820	-4.020467
40.746813	-4.021657
40.745778	-4.022915
40.744463	-4.023755
40.743232	-4.024450
40.741995	-4.025510
40.740943	-4.026705
40.739627	-4.027262
40.738322	-4.026512
40.737372	-4.025180
40.737187	-4.023242
40.736370	-4.022192
40.735298	-4.022345
40.734070	-4.021688
40.733085	-4.021503
40.733732	-4.022278
40.734162	-4.021573
40.734492	-4.019907
40.734583	-4.017310
40.733988	-4.014918
40.734080	-4.012673
40.735343	-4.011195
40.735302	-4.008997
40.734162	-4.007432
40.733333	-4.006650
40.732347	-4.004918
40.730867	-4.002828
40.729372	-4.000730
40.727612	-3.998425
40.725768	-3.996235
40.725030	-3.992958
40.725255	-3.989560
40.726080	-3.986265
40.727078	-3.983207
40.727170	-3.980712
40.726440	-3.979407
40.725803	-3.978808
40.724783	-3.977783
40.723650	-3.976582
40.722458	-3.975185
40.721163	-3.973657
40.719552	-3.971773
40.717827	-3.969757
40.716295	-3.967792
40.714613	-3.965543
40.712877	-3.963233
40.711190	-3.960992
40.709607	-3.958865
40.708092	-3.956850
40.706710	-3.955378
40.706410	-3.955142
40.706202	-3.955087
40.705793	-3.953487
40.705355	-3.951003
40.704915	-3.948395
40.704003	-3.945982
40.702725	-3.944133
40.701688	-3.943500
40.701233	-3.942025
40.700603	-3.940513
40.700420	-3.938733
40.700082	-3.937475
40.699935	-3.936253
40.699905	-3.934482
40.699637	-3.932645
40.699327	-3.931520
40.699007	-3.929920
40.698638	-3.927958
40.698323	-3.926237
40.697887	-3.925067
40.697860	-3.923668
40.697512	-3.921963
40.697180	-3.920503
40.696543	-3.918625
40.695870	-3.916753
40.694907	-3.914977
40.693642	-3.913222
40.692320	-3.911590
40.691157	-3.909492
40.690298	-3.907128
40.689452	-3.904687
40.688713	-3.902203
40.687883	-3.899830
40.687175	-3.897337
40.686402	-3.894703
40.685365	-3.892323
40.684947	-3.889970
40.684817	-3.887207
40.684262	-3.884412
40.682835	-3.881287
40.682043	-3.878500
40.681695	-3.875720
40.681328	-3.872930
40.681363	-3.869973
40.681622	-3.866298
40.681940	-3.862850
40.682208	-3.859417
40.681362	-3.856185
40.681452	-3.852775
40.682780	-3.849720
40.683508	-3.846747
40.683805	-3.843283
40.683870	-3.842620
40.636317	-3.730568
40.634982	-3.730085
40.634917	-3.730112
40.634925	-3.730118
40.634927	-3.730118
40.634925	-3.730118
40.634918	-3.730108
40.634857	-3.730013
40.633433	-3.729768
40.631245	-3.730063
40.628952	-3.730402
40.626713	-3.730388
40.624487	-3.730092
40.622007	-3.730300
40.619347	-3.729943
40.616825	-3.729230
40.615032	-3.726975
40.613260	-3.724567
40.611085	-3.722825
40.608897	-3.721305
40.606225	-3.720805
40.603805	-3.720452
40.601160	-3.720107
40.598722	-3.719218
40.596767	-3.717113
40.595210	-3.714413
40.592797	-3.712797
40.590285	-3.712013
40.588093	-3.709950
40.586043	-3.707588
40.583620	-3.706190
40.580980	-3.705790
40.578460	-3.706125
40.576217	-3.707578
40.574180	-3.708838
40.571793	-3.709957
40.569263	-3.711290
40.566483	-3.713135
40.563643	-3.714230
40.561058	-3.713595
40.558605	-3.712450
40.555745	-3.710250
40.553170	-3.708123
40.550903	-3.705980
40.548070	-3.704845
40.545328	-3.703458
40.542568	-3.701985
40.540252	-3.699773
40.538048	-3.697385
40.535252	-3.696795
40.533048	-3.695005
40.530385	-3.693372
40.527760	-3.691657
40.525375	-3.689308
40.522732	-3.688003
40.519913	-3.687097
40.517123	-3.686060
40.515097	-3.684917
40.510438	-3.687693
40.508657	-3.690338
40.506288	-3.692307
40.503898	-3.694300
40.501500	-3.696287
40.499382	-3.698538
40.497187	-3.700702
40.494682	-3.700647
40.492153	-3.698742
40.489390	-3.698183
40.486958	-3.696615
40.485415	-3.693565
40.484218	-3.690438
40.483037	-3.687510
40.482237	-3.684850
40.482872	-3.682085
40.483603	-3.679147
40.483817	-3.676150
40.482752	-3.674055
40.480697	-3.674013
40.478675	-3.674420
40.476607	-3.674482
40.474832	-3.674125
40.472747	-3.673193
40.470762	-3.671678
40.468865	-3.670072
40.466770	-3.668617
40.464568	-3.667387
40.462463	-3.666320
40.460570	-3.665377
40.460570	-3.665377
40.385285	-3.688433
40.385278	-3.688620
40.386468	-3.689817
40.386772	-3.690082
40.386738	-3.690032
40.386737	-3.689998
40.386725	-3.689978
40.386990	-3.690188
40.387998	-3.690920
40.388787	-3.691213
40.389120	-3.690307
40.389508	-3.689313
40.389965	-3.688317
40.390473	-3.688458
40.390878	-3.687677
40.390555	-3.687132
40.389237	-3.687575
40.388708	-3.688200
40.388718	-3.688348
40.388797	-3.688298
40.388797	-3.688298
40.388797	-3.688298
40.388797	-3.688298
40.388797	-3.688298
40.388797	-3.688298
40.388797	-3.688298
40.388797	-3.688298
40.388797	-3.688298
40.388797	-3.688298
40.388797	-3.688298
40.388797	-3.688298
40.388797	-3.688298
40.388797	-3.688298
40.388797	-3.688298
40.388797	-3.688298
40.388797	-3.688298
40.388797	-3.688298
40.388797	-3.688298
40.388797	-3.688298
40.388797	-3.688298
40.388797	-3.688298
40.388797	-3.688298
40.388797	-3.688298
40.388797	-3.688298
40.388797	-3.688298
40.388797	-3.688298
40.388797	-3.688298
40.388797	-3.688298
40.388797	-3.688298
40.388797	-3.688298
40.388797	-3.688298
40.388797	-3.688298
40.388797	-3.688298
40.388797	-3.688298
40.388797	-3.688298
40.388797	-3.688298
40.388797	-3.688298
40.388797	-3.688298
40.388797	-3.688298
40.388797	-3.688298
40.388797	-3.688298
40.388797	-3.688298
40.388797	-3.688298
40.388797	-3.688298
40.388797	-3.688298
40.388797	-3.688298
40.388797	-3.688298
40.388797	-3.688298
40.388797	-3.688298
40.388797	-3.688298
40.388797	-3.688298
40.388797	-3.688298
40.388797	-3.688298
40.388797	-3.688298
40.388797	-3.688298
40.388797	-3.688298
40.388797	-3.688298
40.388797	-3.688298
40.388797	-3.688298
